[18.46 14.42 10.56]
[19.94 14.72  9.84]
[18.12 14.64 10.26]
[19.8  14.34 10.75]
[18.02 15.21 10.91]
[19.16 15.85 10.87]
[18.2  15.89  9.07]
[19.74 14.17  9.48]
[19.   14.29 10.38]
[18.38 14.41 10.97]
[19.26 15.43  9.62]
[18.32 15.46  9.24]
[18.58 15.93  9.26]
[18.08 14.19 10.79]
[18.21 15.67  9.81]
[18.31 14.84 10.18]
[19.48 14.28  9.85]
[18.8  14.53 10.29]
[19.77 15.61 10.9 ]
[18.8  14.36  9.74]
[18.25 15.73 10.94]
[18.87 15.12  9.26]
[19.37 15.61 10.88]
[18.88 14.2  10.54]
[19.65 14.98  9.78]
[18.65 14.38 10.36]
[18.7  15.84 10.27]
[19.26 15.45 10.02]
[19.79 14.66 10.67]
[19.45 15.03 10.57]
[18.26 14.01  9.24]
[19.03 14.39 10.4 ]
[19.22 14.16  9.38]
[19.01 14.53  9.19]
[19.49 14.15 10.2 ]
[19.58 15.42  9.25]
[19.23 14.93  9.82]
[18.15 15.56 10.06]
[19.28 15.03 10.14]
[18.66 14.1   9.8 ]
[19.62 14.43  9.2 ]
[19.03 14.12  9.56]
[19.64 15.4  10.44]
[19.1  14.57 10.14]
[19.93 15.46  9.6 ]
[19.21 15.16 10.78]
[19.25 15.03 10.7 ]
[18.36 14.91  9.47]
[18.74 15.78 10.68]
[18.17 14.08 10.77]
[18.57 14.76  9.92]
[19.56 14.13  9.75]
[18.22 15.92 10.15]
[18.92 14.63 10.13]
[19.23 14.17 10.37]
[18.38 14.95  9.29]
[18.39 15.29 10.8 ]
[18.75 15.36  9.3 ]
[19.14 15.59  9.46]
[19.36 15.06 10.13]
[18.03 14.11  9.75]
[19.92 14.1   9.61]
[18.18 15.85  9.79]
[19.66 14.75 10.68]
[18.35 15.87  9.8 ]
[19.46 15.8  10.  ]
[19.9  15.42 10.64]
[18.27 15.22  9.64]
[18.7  15.49 10.21]
[19.58 14.02 10.07]
[19.76 14.99 10.92]
[19.16 15.97 10.42]
[19.33 15.14 10.85]
[18.91 15.51 10.99]
[19.9  15.12 10.43]
[18.28 15.4  10.26]
[19.8  15.14  9.48]
[18.23 15.04 10.18]
[19.64 15.36  9.55]
[18.45 15.77 10.6 ]
[19.85 14.73 10.35]
[19.58 15.99  9.7 ]
[19.01 14.01  9.23]
[18.96 14.8   9.21]
[19.69 14.54  9.57]
[19.22 14.02 10.58]
[18.92 14.61 10.35]
[18.46 15.33 10.7 ]
[18.6  15.56 10.68]
[19.5  15.76 10.67]
[18.39 14.55  9.38]
[18.85 15.09 10.83]
[19.44 15.59  9.37]
[18.34 14.04  9.99]
[19.26 15.11 10.22]
[19.04 14.06  9.54]
[18.01 14.45  9.77]
[18.33 14.53 10.86]
[19.23 15.25 10.01]
[19.85 15.33  9.09]
[18.09 15.    9.83]
[19.38 14.47  9.53]
[18.24 14.57 10.37]
[19.34 14.13 10.56]
[18.06 14.06 10.63]
[18.87 14.89  9.86]
[18.55 15.69 10.01]
[18.76 15.4  10.3 ]
[19.02 14.68 10.29]
[19.28 15.42 10.23]
[18.31 15.6  10.06]
[19.46 15.36 10.55]
[19.85 14.56  9.27]
[18.84 14.04  9.28]
[18.17 14.69  9.17]
[18.72 14.23  9.7 ]
[19.75 14.22 10.34]
[18.32 14.02  9.46]
[19.21 15.59  9.08]
[19.94 14.49  9.97]
[18.71 15.08 10.19]
[18.9 15.6 10.3]
[19.14 14.99  9.41]
[19.51 15.09  9.78]
[18.78 14.02 10.85]
[18.89 14.63 10.32]
[18.16 14.53  9.44]
[19.62 14.9   9.78]
[18.77 15.28 10.15]
[19.91 14.91  9.99]
[19.64 15.4   9.31]
[19.06 15.15  9.82]
[18.75 15.6   9.12]
[18.02 14.8  10.57]
[18.76 15.99  9.27]
[18.57 15.72 10.64]
[19.56 14.42  9.69]
[18.48 14.75 10.89]
[18.54 14.2   9.49]
[18.21 14.92  9.53]
[19.82 15.57 10.46]
[19.01 15.12  9.49]
[19.26 15.27  9.67]
[19.12 14.79  9.46]
[18.81 15.08  9.76]
[18.68 15.12 10.29]
[18.05 14.16 10.79]
[18.09 15.56 10.73]
[18.38 15.67 10.59]
[18.44 14.09  9.64]
[19.98 14.9  10.66]
[18.87 14.99  9.97]
[19.15 14.88 10.41]
[19.44 15.77 10.56]
[19.21 14.1   9.67]
[19.1  15.34 10.36]
[19.69 14.78 10.48]
[18.32 14.18 10.44]
[19.51 14.48  9.27]
[18.39 14.01  9.29]
[19.75 14.92  9.09]
[18.27 15.23  9.03]
[18.6  15.58  9.89]
[18.88 14.9   9.4 ]
[19.41 14.15 10.58]
[18.12 14.47  9.12]
[18.41 15.51  9.22]
[18.78 14.9  10.24]
[19.96 15.29  9.32]
[18.15 14.08 10.55]
[18.85 14.76 10.82]
[19.37 14.81 10.58]
[19.89 14.95  9.14]
[19.1  15.25 10.03]
[18.98 14.25 10.5 ]
[19.22 15.21  9.81]
[18.15 15.55  9.89]
[18.41 14.5   9.97]
[19.38 14.82  9.74]
[19.71 14.14 10.78]
[19.58 14.79 10.09]
[18.59 15.75  9.3 ]
[18.54 14.43 10.37]
[19.4  14.62  9.99]
[19.04 15.38 10.93]
[18.35 14.94 10.86]
[18.9  14.57  9.77]
[19.63 15.76 10.4 ]
[19.31 15.71 10.07]
[18.66 14.03 10.53]
[18.52 15.05 10.85]
[18.13 14.98  9.58]
[18.04 14.19  9.58]
[19.79 14.16  9.82]
[19.58 15.47 10.78]
[18.82 14.09  9.43]
[19.09 14.76  9.11]
[19.3  14.12 10.21]
[19.1  14.12 10.92]
[18.48 15.88  9.44]
[18.44 15.53  9.35]
[19.13 15.03 10.62]
[18.56 14.59  9.92]
[19.46 14.92 10.79]
[19.36 14.97  9.52]
[19.94 14.11  9.42]
[19.96 14.65  9.67]
[19.35 14.61 10.34]
[18.01 14.08 10.54]
[18.34 14.19 10.74]
[18.57 15.33  9.3 ]
[19.02 14.93  9.63]
[19.31 14.38  9.09]
[19.81 15.44  9.24]
[18.49 15.65  9.42]
[19.09 14.38 10.43]
[19.22 15.08  9.55]
[18.57 14.42 10.39]
[19.75 14.15 10.67]
[19.46 15.52 10.99]
[19.81 15.51  9.39]
[18.39 14.36  9.57]
[18.61 15.47  9.12]
[18.05 14.84 10.54]
[19.28 14.86 10.39]
[18.22 14.55 10.06]
[19.41 14.51 10.15]
[18.35 15.03 10.12]
[18.77 15.33 10.65]
[18.3  14.41  9.12]
[19.78 14.24  9.41]
[18.34 14.39 10.73]
[19.44 15.95  9.23]
[19.55 14.11 10.76]
[19.73 14.54 10.61]
[18.84 15.73 10.09]
[19.34 15.6   9.71]
[19.97 15.41  9.27]
[18.9  14.22 10.51]
[18.47 14.64  9.5 ]
[18.96 14.85 10.41]
[19.88 14.65  9.07]
[19.52 15.63 10.05]
[18.55 15.42  9.88]
[18.37 15.32 10.32]
[18.27 14.84  9.24]
[18.38 14.91 10.11]
[18.56 14.47 10.69]
[18.59 15.79 10.24]
[18.99 15.68  9.3 ]
[19.84 15.81 10.09]
[18.01 14.08 10.09]
[18.61 14.92 10.14]
[18.61 15.03 10.66]
[18.66 15.94  9.88]
[18.52 14.88 10.34]
[19.06 14.11 10.85]
[18.21 15.55 10.41]
[18.24 14.88  9.64]
[18.57 14.74 10.88]
[19.95 15.44 10.03]
[18.69 14.11 10.46]
[19.8  14.13  9.79]
[19.92 15.87  9.02]
[18.63 15.16  9.14]
[18.79 15.95 10.72]
[19.87 14.69 10.72]
[18.02 15.22 10.23]
[19.2  14.23 10.92]
[19.63 15.64  9.39]
[18.61 15.66 10.18]
[19.29 15.68  9.62]
[19.38 15.45 10.82]
[18.18 15.53  9.15]
[18.85 14.03 10.38]
[18.13 14.93  9.65]
[18.39 15.64 10.25]
[18.23 15.28  9.73]
[19.74 15.78  9.06]
[18.69 14.53 10.43]
[19.35 15.04 10.6 ]
[19.3  15.42 10.38]
[19.46 15.47  9.07]
[19.68 14.9   9.72]
[18.61 14.57  9.93]
[18.28 15.25  9.42]
[19.82 15.64  9.26]
[18.62 14.54 10.97]
[18.21 15.34  9.38]
[19.75 15.23 10.92]
[19.24 14.95 10.76]
[19.45 14.57 10.11]
[18.5  14.13  9.18]
[19.34 15.39  9.58]
[18.8 15.6 10.2]
[19.62 14.98  9.22]
[18.89 15.65 10.27]
[18.26 15.42 10.57]
[18.65 14.73 10.87]
[19.94 14.16 10.38]
[18.98 15.36  9.14]
[18.32 15.36 10.21]
[19.89 15.07  9.47]
[18.53 15.13  9.45]
[19.34 15.06 10.05]
[18.67 15.34 10.26]
[19.71 14.75 10.26]
[19.83 15.42 10.68]
[18.03 14.27  9.41]
[18.98 14.21  9.74]
[19.55 14.59  9.94]
[19.82 14.7  10.18]
[18.11 15.   10.44]
[18.78 14.2  10.91]
[19.03 14.31  9.9 ]
[18.23 15.96 10.02]
[19.6  14.46  9.18]
[18.59 14.27  9.69]
[19.93 15.68 10.15]
[18.12 15.8   9.08]
[18.46 15.73 10.39]
[18.72 14.02 10.66]
[18.64 14.24  9.43]
[18.32 15.28 10.35]
[19.68 14.79 10.91]
[19.81 15.18 10.69]
[19.04 15.34  9.11]
[18.32 15.64 10.52]
[18.37 14.39  9.36]
[18.86 14.08 10.83]
[18.44 15.35 10.41]
[19.22 15.87  9.91]
[19.85 14.5   9.51]
[18.2  15.14  9.01]
[18.87 14.95  9.89]
[19.9  14.73 10.52]
[19.3  14.3   9.11]
[19.8  14.9  10.76]
[19.38 14.43 10.72]
[19.48 15.01 10.26]
[19.46 14.81  9.29]
[19.95 15.19 10.24]
[18.85 14.25 10.57]
[19.15 15.58 10.76]
[18.22 15.   10.23]
[19.73 14.89 10.38]
[19.27 15.48 10.84]
[18.82 15.44 10.01]
[18.14 14.07 10.2 ]
[19.7  15.59 10.51]
[18.16 14.79 10.37]
[18.81 14.44 10.34]
[18.34 14.99  9.54]
[18.01 15.49  9.36]
[18.52 14.05 10.1 ]
[18.47 15.89 10.47]
[19.82 15.47  9.48]
[18.53 14.48  9.42]
[18.86 15.04 10.75]
[18.36 14.03  9.71]
[19.45 14.16 10.69]
[19.25 14.24  9.05]
[19.85 15.83  9.44]
[19.11 14.81 10.01]
[18.21 15.74  9.32]
[19.74 15.08 10.62]
[19.97 14.98  9.44]
[18.72 15.22 10.17]
[19.13 14.43 10.49]
[18.83 14.48  9.92]
[19.63 14.46  9.74]
[19.35 14.08 10.01]
[18.22 15.9  10.89]
[19.13 14.01 10.1 ]
[18.49 15.95  9.98]
[18.68 15.73  9.48]
[18.04 14.01  9.21]
[19.61 15.01  9.32]
[19.47 14.98 10.2 ]
[19.97 14.47  9.72]
[19.75 14.07 10.67]
[18.84 14.93 10.  ]
[18.99 15.48  9.75]
[18.71 15.72  9.66]
[18.71 14.99  9.21]
[18.34 15.59 10.58]
[18.43 15.   10.39]
[18.06 15.9  10.45]
[18.83 15.24  9.03]
[18.73 15.88 10.41]
[19.59 15.05  9.25]
[18.9  15.45  9.95]
[18.12 14.2   9.87]
[19.26 15.37 10.77]
[19.88 15.98 10.12]
[19.3  14.84  9.29]
[18.69 15.61  9.65]
[19.56 15.92  9.08]
[19.61 15.25  9.59]
[19.96 15.51  9.4 ]
[18.07 14.26 10.59]
[18.19 15.09 10.06]
[19.41 15.37  9.99]
[19.61 14.87 10.93]
[19.36 15.1  10.19]
[18.77 14.4  10.49]
[19.24 15.83 10.24]
[19.98 15.81 10.99]
[19.12 14.23  9.1 ]
[19.49 14.8   9.29]
[18.65 14.34  9.84]
[18.91 14.03  9.96]
[18.67 14.02  9.68]
[19.15 15.37 10.33]
[18.41 15.65  9.31]
[18.92 14.5   9.97]
[19.45 15.52 10.01]
[18.74 14.04  9.57]
[18.65 15.49  9.15]
[18.16 15.35  9.6 ]
[19.43 14.24 10.84]
[18.77 14.35 10.14]
[18.34 14.05 10.02]
[19.04 15.63  9.01]
[19.92 15.72 10.88]
[19.5  14.75 10.96]
[19.78 14.14  9.46]
[19.62 14.6   9.25]
[19.19 15.77 10.59]
[18.12 15.29 10.45]
[18.32 15.64 10.7 ]
[18.49 14.96  9.32]
[18.06 14.19  9.43]
[19.59 15.   10.91]
[19.77 15.94 10.46]
[19.96 15.88  9.7 ]
[18.77 14.56  9.7 ]
[19.86 15.96 10.28]
[18.83 14.13 10.2 ]
[19.53 14.72 10.28]
[19.13 14.4  10.48]
[18.1  15.54  9.32]
[19.49 14.37 10.45]
[19.12 14.15 10.12]
[18.31 15.05 10.77]
[19.57 14.59  9.13]
[19.33 15.09 10.22]
[18.82 14.29 10.07]
[19.16 14.99 10.32]
[19.45 14.99 10.99]
[19.55 15.65 10.63]
[19.61 15.68 10.52]
[19.22 15.49  9.64]
[19.39 14.88  9.21]
[19.98 15.44  9.1 ]
[19.69 14.06  9.01]
[18.32 14.83 10.83]
[19.22 15.24 10.42]
[18.14 14.51 10.95]
[19.91 14.74  9.22]
[19.84 15.83 10.11]
[19.46 14.12  9.87]
[18.23 15.1   9.88]
[19.13 15.17 10.04]
[18.3  14.92 10.04]
[19.3  14.77 10.23]
[19.97 15.16  9.42]
[19.4  14.05  9.84]
[18.24 14.74 10.73]
[19.17 15.18  9.33]
[18.3  14.77 10.25]
[19.78 14.26 10.24]
[18.33 15.05  9.4 ]
[18.79 15.37  9.23]
[19.55 14.86 10.43]
[18.92 14.37 10.28]
[18.64 14.73 10.02]
[18.39 14.79 10.48]
[18.46 14.69  9.07]
[18.86 14.64 10.05]
[19.54 14.43  9.59]
[19.74 15.92 10.01]
[18.32 15.58 10.61]
[18.89 14.54  9.67]
[18.2  15.48 10.3 ]
[19.29 14.41 10.05]
[18.75 14.55  9.03]
[18.73 15.04 10.28]
[18.4  15.03  9.57]
[18.84 14.59  9.5 ]
[19.89 15.07  9.93]
[19.86 15.11  9.85]
[19.52 14.21 10.74]
[19.18 14.46 10.28]
[19.97 15.3  10.69]
[18.86 14.34 10.  ]
[18.56 14.21  9.83]
[18.3  15.3  10.25]
[18.31 15.01 10.27]
[19.57 14.9  10.77]
[18.77 15.38  9.22]
[19.84 14.16  9.86]
[18.09 14.38  9.99]
[18.34 15.2   9.68]
[18.98 14.67 10.96]
[19.03 14.96 10.96]
[18.47 15.09 10.99]
[18.75 14.35 10.99]
[19.26 14.28  9.61]
[18.78 15.93  9.38]
[19.81 14.59  9.3 ]
[18.08 14.55 10.93]
[18.97 15.34  9.97]
[18.54 15.   10.78]
[18.23 14.7   9.45]
[19.61 14.02  9.8 ]
[19.64 14.8  10.42]
[19.49 14.04 10.2 ]
[19.67 15.13 10.97]
[19.19 15.9  10.16]
[18.88 15.29 10.75]
[19.27 14.66  9.43]
[19.77 14.3   9.67]
[19.1  14.34 10.33]
[19.77 15.59 10.55]
[18.15 14.33  9.05]
[18.01 14.69 10.98]
[19.24 14.8   9.8 ]
[18.29 14.28 10.55]
[18.97 15.59 10.58]
[19.74 14.75  9.06]
[18.76 15.43  9.48]
[18.24 14.19  9.54]
[19.12 14.11  9.48]
[18.66 15.95  9.86]
[18.47 15.03  9.18]
[18.69 15.3  10.1 ]
[19.82 14.76 10.94]
[19.12 15.08 10.45]
[19.11 15.29  9.95]
[18.29 14.63  9.52]
[18.58 15.42 10.28]
[18.62 14.91 10.07]
[19.73 15.49  9.62]
[19.43 14.63 10.61]
[18.2  15.43  9.05]
[18.91 15.88 10.61]
[18.61 14.22 10.42]
[19.18 14.78 10.85]
[19.22 15.72 10.18]
[19.28 14.73 10.5 ]
[18.82 15.9   9.21]
[18.66 15.53  9.26]
[19.96 15.85  9.17]
[19.48 14.59  9.91]
[18.69 14.98  9.04]
[18.42 15.62  9.43]
[18.57 15.47  9.92]
[19.48 14.72  9.75]
[19.92 15.06  9.79]
[19.95 14.41 10.89]
[19.08 14.93 10.61]
[18.95 15.51 10.46]
[18.83 15.99  9.39]
[18.03 14.65 10.69]
[18.05 15.97 10.29]
[19.94 15.8   9.3 ]
[19.19 14.83  9.97]
[19.36 14.13  9.73]
[18.52 15.83 10.91]
[19.14 15.59  9.39]
[18.17 15.17 10.52]
[18.09 15.04  9.38]
[19.38 15.23 10.66]
[18.43 14.45  9.58]
[19.1  14.89  9.7 ]
[18.65 14.43 10.99]
[18.59 14.02 10.87]
[18.41 14.33 10.33]
[18.88 15.29 10.67]
[18.3  15.22 10.  ]
[19.82 14.69 10.26]
[18.76 15.21  9.92]
[18.23 15.9  10.37]
[19.4  15.39 10.66]
[19.56 15.38 10.32]
[19.66 15.34  9.77]
[18.92 14.01 10.96]
[19.98 14.51  9.34]
[19.59 15.58 10.2 ]
[18.98 15.31  9.93]
[19.71 15.6  10.63]
[19.81 15.08 10.46]
[18.43 14.33  9.09]
[19.91 15.49  9.17]
[19.53 14.29 10.86]
[18.53 15.78  9.44]
[19.68 15.64 10.46]
[19.48 15.54 10.64]
[18.13 15.75  9.08]
[19.21 14.51  9.51]
[19.8  15.49 10.22]
[18.13 14.61  9.82]
[18.76 15.06  9.26]
[19.4  14.02  9.74]
[19.99 14.32 10.41]
[19.86 15.89 10.38]
[18.41 14.61 10.54]
[18.22 14.62  9.66]
[18.36 15.35 10.59]
[18.09 14.46  9.91]
[18.83 15.   10.42]
[18.46 15.19 10.73]
[19.27 14.04 10.67]
[19.23 15.49  9.11]
[19.16 14.93  9.45]
[19.01 14.4  10.1 ]
[18.02 15.77  9.45]
[19.22 14.73 10.  ]
[19.05 15.35  9.45]
[18.9  15.09  9.15]
[19.06 15.21 10.87]
[18.14 15.54  9.95]
[18.39 15.96  9.87]
[19.05 15.51 10.65]
[19.58 14.88  9.35]
[19.42 14.02  9.87]
[19.98 15.11  9.85]
[19.45 15.46  9.1 ]
[19.91 15.76  9.31]
[19.26 15.2  10.39]
[19.91 14.8  10.83]
[18.13 15.35 10.02]
[19.28 15.81  9.72]
[19.67 15.27 10.75]
[18.33 14.74 10.21]
[18.38 14.22 10.57]
[19.65 14.04  9.12]
[18.25 14.79  9.39]
[19.62 14.59  9.1 ]
[18.78 15.39 10.37]
[19.63 14.82 10.94]
[19.   15.02  9.98]
[18.28 14.94 10.69]
[18.43 15.68  9.05]
[19.94 15.35 10.92]
[19.36 14.65  9.42]
[19.07 14.42 10.93]
[18.15 14.21 10.4 ]
[18.16 15.12  9.36]
[18.43 15.16 10.89]
[18.48 14.32 10.4 ]
[19.03 14.18 10.34]
[19.45 14.64  9.61]
[19.88 15.72 10.22]
[18.38 15.57  9.29]
[18.74 14.98 10.14]
[18.22 15.77 10.31]
[19.56 14.92  9.41]
[18.05 15.75 10.44]
[18.71 14.43  9.5 ]
[18.85 15.01  9.51]
[18.33 14.76  9.29]
[18.59 14.12  9.36]
[19.35 14.22  9.33]
[19.66 15.8  10.34]
[19.91 14.03  9.91]
[19.79 15.06  9.08]
[18.95 14.47  9.86]
[18.97 14.28  9.99]
[18.55 14.71 10.17]
[19.6  15.71  9.39]
[19.66 15.42 10.47]
[18.95 14.81  9.97]
[19.27 14.09  9.24]
[18.66 15.05  9.93]
[19.76 15.44 10.46]
[18.13 15.97  9.39]
[18.62 14.48  9.77]
[19.75 14.01 10.57]
[18.4  15.98 10.55]
[18.76 14.7   9.72]
[19.98 14.38  9.14]
[19.28 15.9  10.62]
[18.03 14.51 10.53]
[18.47 15.76 10.81]
[18.9  14.9   9.23]
[18.99 15.35  9.38]
[18.03 14.47  9.31]
[19.67 15.81  9.7 ]
[19.91 15.55  9.62]
[19.93 15.45 10.67]
[18.22 14.72 10.92]
[18.89 15.05 10.3 ]
[19.18 15.21 10.69]
[19.1  14.48  9.07]
[18.04 14.12  9.6 ]
[19.82 15.91 10.04]
[19.17 15.93 10.63]
[18.93 15.91 10.16]
[18.44 15.48  9.65]
[19.16 15.1   9.44]
[19.83 14.23 10.4 ]
[19.7  14.99 10.95]
[19.16 14.15 10.57]
[18.44 15.6  10.86]
[18.26 14.07  9.26]
[18.86 14.64 10.55]
[19.1  14.99 10.61]
[19.72 15.06 10.73]
[19.23 15.34  9.79]
[19.65 15.45  9.23]
[19.   14.11  9.27]
[18.24 14.28  9.36]
[18.04 15.16  9.61]
[18.23 15.01 10.04]
[19.41 14.82  9.66]
[19.73 15.6  10.58]
[19.27 15.46 10.78]
[19.3  14.07 10.45]
[19.9  14.45 10.41]
[18.29 15.05  9.19]
[19.77 14.06 10.09]
[19.62 14.31  9.57]
[18.03 15.    9.53]
[18.32 15.07 10.02]
[18.88 15.76 10.88]
[18.28 14.17 10.68]
[19.19 15.91 10.45]
[19.86 14.96 10.38]
[19.14 14.83 10.23]
[19.64 15.25 10.98]
[18.7  14.46  9.28]
[18.48 14.74 10.57]
[18.47 15.7   9.45]
[18.22 15.52 10.38]
[18.44 14.57 10.54]
[18.97 14.06  9.46]
[19.4  15.56  9.28]
[18.31 14.13 10.44]
[19.83 15.29 10.28]
[19.07 14.95 10.09]
[19.79 14.78 10.46]
[18.27 15.95  9.57]
[19.15 14.23 10.8 ]
[19.   15.97 10.98]
[19.4  14.95  9.59]
[18.94 14.91  9.29]
[18.72 14.26 10.95]
[18.41 15.03  9.9 ]
[19.33 15.38 10.55]
[19.17 14.12  9.01]
[19.58 14.89  9.61]
[18.94 14.6  10.99]
[19.02 14.88 10.48]
[18.55 14.92  9.7 ]
[19.3  15.1   9.28]
[18.21 15.12 10.28]
[18.45 15.16 10.47]
[18.57 14.33  9.96]
[19.11 15.43 10.16]
[18.8  15.47 10.4 ]
[18.49 15.93  9.8 ]
[18.15 15.08 10.5 ]
[18.53 15.2   9.91]
[18.96 15.4  10.01]
[18.04 14.86  9.6 ]
[18.61 15.6  10.  ]
[18.93 14.35  9.46]
[19.61 14.31 10.25]
[19.97 15.74  9.99]
[18.88 15.16 10.09]
[19.17 14.49 10.84]
[19.65 15.3   9.39]
[18.46 15.54  9.56]
[18.92 14.7  10.35]
[18.28 14.34  9.1 ]
[18.93 14.54 10.25]
[19.92 15.12  9.08]
[18.08 15.79 10.27]
[19.3  14.54  9.01]
[18.37 14.75 10.72]
[18.38 15.65  9.77]
[18.77 14.25  9.25]
[18.56 14.13  9.82]
[19.69 15.46 10.81]
[19.16 15.21  9.15]
[19.75 14.69 10.29]
[19.24 14.83  9.97]
[18.83 14.89  9.89]
[18.31 15.81  9.66]
[19.86 14.7   9.79]
[18.72 15.49  9.66]
[19.92 14.79 10.57]
[19.56 15.22  9.89]
[18.54 15.    9.89]
[19.85 15.38 10.15]
[19.76 14.35 10.88]
[18.24 14.75  9.51]
[18.16 15.53 10.87]
[19.57 15.99  9.95]
[18.21 15.77 10.09]
[18.64 15.36 10.45]
[19.07 14.56  9.45]
[19.35 14.39  9.36]
[18.48 15.12  9.98]
[19.56 15.1   9.45]
[18.84 15.07  9.16]
[19.43 14.44  9.23]
[18.89 15.47  9.68]
[18.71 15.    9.95]
[19.72 14.59 10.86]
[19.58 14.7   9.52]
[18.16 15.87  9.82]
[18.43 14.71 10.93]
[19.8  14.11 10.65]
[19.94 15.32  9.73]
[19.46 15.13 10.71]
[18.86 15.54  9.88]
[19.95 15.29 10.77]
[19.3  14.94 10.22]
[18.98 14.84  9.5 ]
[19.38 14.86 10.11]
[18.47 14.61  9.21]
[18.7  15.04  9.4 ]
[19.71 14.43  9.37]
[18.1  14.75 10.28]
[18.88 14.19 10.09]
[19.79 15.29  9.4 ]
[18.57 15.62  9.83]
[18.85 14.23  9.6 ]
[19.13 15.24  9.89]
[18.98 14.46 10.18]
[18.86 14.77  9.73]
[19.69 15.61 10.1 ]
[19.48 15.18 10.41]
[18.67 14.79 10.08]
[18.02 14.5   9.46]
[19.59 15.12  9.47]
[18.41 14.71 10.67]
[18.76 15.37  9.43]
[19.56 14.64 10.23]
[19.46 15.34  9.92]
[18.57 15.18  9.67]
[18.41 14.35 10.61]
[19.03 14.04  9.81]
[18.21 14.04  9.11]
[18.48 15.79 10.7 ]
[19.36 15.89 10.78]
[19.56 15.03 10.77]
[18.62 14.72 10.58]
[19.58 15.56 10.31]
[18.51 14.92  9.64]
[19.78 15.14 10.04]
[19.22 14.19 10.04]
[19.02 14.94 10.88]
[18.45 15.01 10.5 ]
[19.82 14.41  9.2 ]
[19.11 15.54 10.2 ]
[19.81 14.79 10.02]
[18.82 15.14 10.28]
[19.16 14.79  9.04]
[19.95 15.71  9.27]
[18.08 15.64  9.88]
[18.24 15.48  9.47]
[18.95 14.52  9.31]
[18.33 14.33 10.29]
[19.36 15.08 10.92]
[19.04 15.34 10.57]
[18.39 15.44 10.91]
[19.75 15.78 10.71]
[19.88 15.96 10.05]
[18.6  15.57  9.04]
[18.37 14.24  9.47]
[19.9  15.92 10.35]
[18.45 15.5   9.36]
[18.48 14.57  9.56]
[18.33 14.4   9.29]
[18.68 15.97 10.68]
[19.18 15.33 10.26]
[18.95 15.11  9.79]
[19.35 15.08  9.73]
[18.73 14.21 10.85]
[19.69 15.51  9.53]
[19.72 14.12 10.61]
[18.11 15.77  9.14]
[19.9  14.29  9.5 ]
[19.18 15.48 10.08]
[18.41 14.5  10.5 ]
[18.81 15.47  9.94]
[19.25 15.35 10.93]
[19.83 15.41  9.91]
[19.3  15.88  9.08]
[19.57 15.91 10.69]
[18.42 15.92 10.9 ]
[18.96 15.25  9.53]
[18.87 15.36 10.16]
[19.37 15.07 10.51]
[18.92 15.43 10.71]
[19.99 14.82  9.34]
[19.13 14.07 10.8 ]
[18.84 14.27 10.15]
[18.79 14.73 10.38]
[18.28 14.87  9.99]
[18.39 14.54  9.87]
[18.11 15.45 10.81]
[19.56 14.94 10.71]
[19.01 15.63 10.67]
[18.21 15.19 10.29]
[18.01 14.53 10.41]
[19.22 15.87 10.33]
[19.05 15.5   9.94]
[19.29 14.56  9.36]
[19.78 14.59  9.34]
[19.03 15.52  9.63]
[19.41 14.52 10.39]
[19.46 14.13  9.69]
[19.84 14.76  9.09]
[18.98 15.03  9.14]
[19.66 14.23  9.18]
[18.55 15.45  9.83]
[19.93 15.83  9.74]
[18.74 15.53 10.99]
[18.21 15.59 10.62]
[18.8  14.11 10.94]
[18.4  15.   10.16]
[18.83 15.73 10.76]
[19.53 15.15  9.8 ]
[19.47 15.07 10.78]
[19.35 15.99 10.84]
[18.46 15.   10.18]
[19.71 15.15 10.83]
[19.1  15.63  9.64]
[18.52 15.84  9.16]
[18.17 15.16  9.56]
[18.55 14.16 10.15]
[18.1  14.8  10.93]
[18.36 14.76 10.24]
[19.01 15.44 10.87]
[19.46 15.76 10.53]
[19.1  15.14 10.46]
[19.79 15.25 10.34]
[19.78 15.23  9.23]
[19.69 14.45 10.03]
[18.99 14.03 10.78]
[18.42 15.73 10.59]
[19.37 15.32 10.27]
[19.84 15.17 10.72]
[18.8  15.94  9.02]
[19.68 15.35 10.1 ]
[18.39 14.52 10.93]
[19.55 15.7  10.04]
[18.49 15.5   9.26]
[18.26 14.75  9.07]
[19.54 15.28 10.43]
[18.41 14.66 10.58]
[18.2  15.46 10.09]
[18.29 14.85 10.24]
[18.49 14.84 10.45]
[18.64 15.41 10.5 ]
[19.08 14.97 10.29]
[19.55 15.81  9.55]
[19.04 14.88 10.81]
[19.95 15.33 10.07]
[19.32 14.48  9.37]
[18.64 15.14  9.46]
[18.13 14.34 10.72]
[18.83 15.95  9.17]
[18.09 14.48  9.31]
[19.8  14.85  9.12]
[19.26 14.34 10.99]
[18.11 14.73 10.9 ]
[19.54 15.38 10.36]
[19.38 15.33  9.44]
[18.81 14.3  10.59]
[19.2  14.29 10.38]
[18.83 14.55 10.89]
[18.68 15.73  9.83]
[18.31 14.88 10.77]
[18.25 14.51 10.43]
[19.07 15.13 10.91]
[19.86 14.98 10.6 ]
[18.19 14.94 10.08]
[18.16 15.67  9.67]
[19.12 14.7  10.73]
[19.97 15.03 10.09]
[19.48 14.7   9.76]
[18.05 14.43 10.54]
[18.48 14.73 10.4 ]
[19.39 14.78 10.81]
[18.12 14.74 10.13]
[18.14 15.52  9.58]
[18.82 14.03 10.36]
[18.17 15.97 10.94]
[19.79 14.21  9.28]
[18.43 15.82  9.89]
[18.24 14.97 10.33]
[18.14 14.96  9.02]
[18.75 15.86  9.92]
[19.93 14.16 10.84]
