[15.48 12.79 18.55]
[15.99 11.78 18.88]
[16.25 12.97 18.17]
[16.33 11.45 17.91]
[16.97 12.26 18.89]
[17.09 13.04 18.8 ]
[16.6  11.77 18.37]
[15.56 11.88 17.28]
[16.24 11.66 18.54]
[16.23 12.26 18.27]
[16.77 11.23 17.6 ]
[15.6  12.93 18.36]
[15.88 13.25 17.63]
[15.57 12.67 17.44]
[15.34 11.91 18.42]
[16.72 11.46 18.44]
[15.77 12.51 18.7 ]
[16.21 12.45 18.61]
[16.83 12.88 17.81]
[15.42 12.56 18.98]
[16.37 11.84 17.32]
[16.91 12.11 17.52]
[14.83 12.8  18.47]
[15.57 12.03 17.7 ]
[16.47 12.97 18.15]
[16.48 11.43 18.66]
[16.06 12.64 18.46]
[16.4  11.09 18.33]
[16.73 12.7  18.36]
[16.31 11.27 18.27]
[16.35 11.27 17.06]
[15.14 12.83 17.14]
[16.25 12.59 18.86]
[15.01 12.69 17.03]
[16.86 11.66 17.6 ]
[15.61 10.95 17.7 ]
[16.57 11.73 17.37]
[15.38 11.12 17.96]
[16.43 11.95 18.03]
[16.16 11.49 17.92]
[15.7  11.56 17.75]
[16.48 12.53 17.37]
[16.17 12.06 18.64]
[15.69 12.48 17.04]
[15.93 11.82 18.1 ]
[16.65 11.49 18.03]
[15.97 12.22 18.61]
[16.32 12.53 18.18]
[16.34 11.8  17.78]
[16.56 11.94 18.89]
[16.02 11.58 17.37]
[16.78 12.62 17.46]
[16.6  11.96 18.99]
[14.76 12.1  17.87]
[16.97 11.66 18.92]
[16.75 11.89 18.65]
[16.32 11.52 18.26]
[16.46 11.96 17.6 ]
[15.32 12.85 17.78]
[16.18 11.05 17.81]
[16.57 12.5  18.8 ]
[16.14 11.08 17.09]
[15.24 12.1  17.65]
[15.26 12.32 18.36]
[16.03 12.93 17.55]
[16.42 11.77 18.67]
[16.86 12.2  18.92]
[16.8  12.67 18.17]
[15.16 11.48 17.8 ]
[15.81 11.03 18.52]
[16.95 11.93 17.99]
[16.3  12.19 17.7 ]
[16.7  11.7  18.74]
[15.66 11.38 18.73]
[15.64 12.63 17.91]
[16.32 11.1  18.79]
[16.21 12.39 18.61]
[15.5  11.22 19.08]
[15.4  12.65 18.82]
[16.94 12.26 18.06]
[16.75 12.76 17.26]
[15.2  12.71 18.05]
[16.01 12.   18.65]
[15.15 12.73 18.49]
[16.65 12.31 18.34]
[16.92 11.54 18.51]
[16.3  12.09 17.81]
[15.79 11.77 18.91]
[15.38 12.35 18.58]
[15.99 11.77 17.06]
[17.18 12.68 17.62]
[15.57 11.41 17.66]
[15.49 12.31 18.43]
[16.57 12.31 18.34]
[16.22 12.04 17.74]
[15.55 11.77 18.97]
[15.97 11.36 17.75]
[15.87 11.69 17.06]
[16.87 12.44 17.26]
[16.22 12.29 16.99]
[16.74 11.88 17.43]
[15.48 11.06 17.51]
[16.4  11.74 18.3 ]
[15.6  12.18 18.1 ]
[15.18 11.83 17.22]
[15.78 11.6  17.6 ]
[14.86 11.93 18.19]
[16.78 12.29 18.5 ]
[15.06 12.73 17.37]
[16.86 10.95 16.72]
[15.21 11.37 17.64]
[16.44 11.48 17.78]
[15.73 12.55 17.4 ]
[16.43 12.43 18.73]
[15.04 11.55 18.73]
[16.16 12.04 18.61]
[16.78 12.28 17.78]
[15.35 11.03 17.06]
[15.98 11.02 18.11]
[16.48 12.07 17.58]
[16.29 12.86 18.19]
[15.08 11.03 17.28]
[15.29 11.89 18.83]
[16.63 12.57 18.82]
[16.68 11.14 17.04]
[16.14 12.56 18.11]
[16.52 12.13 18.25]
[16.21 12.16 17.81]
[16.69 11.67 18.28]
[16.14 11.51 18.58]
[15.67 12.58 17.7 ]
[16.49 12.38 18.49]
[15.71 11.35 18.35]
[16.81 11.03 18.66]
[17.15 12.44 18.77]
[16.94 13.13 16.97]
[15.8  11.73 19.14]
[15.25 12.68 17.24]
[16.56 12.55 18.64]
[15.82 11.68 18.  ]
[15.75 11.01 18.58]
[15.52 11.66 18.26]
[15.22 12.94 18.71]
[15.94 12.52 18.55]
[15.11 11.52 18.08]
[15.52 11.49 18.78]
[15.49 11.92 17.45]
[16.71 11.04 18.5 ]
[16.54 11.39 17.42]
[16.86 12.91 18.19]
[16.64 12.05 17.92]
[15.92 11.06 18.38]
[15.82 12.84 18.35]
[16.38 11.9  17.69]
[15.11 12.28 17.06]
[15.1  12.31 17.55]
[15.76 12.44 17.36]
[15.64 11.11 18.2 ]
[15.79 12.68 18.18]
[15.65 11.28 16.91]
[15.15 12.18 17.2 ]
[15.92 12.15 17.18]
[15.57 11.83 17.63]
[16.37 12.81 17.08]
[16.98 11.73 17.32]
[15.06 11.11 18.48]
[16.21 12.93 17.3 ]
[16.05 11.84 17.6 ]
[16.43 11.41 17.14]
[15.75 11.68 18.53]
[15.5  12.21 17.9 ]
[15.11 11.39 17.86]
[15.94 11.02 17.82]
[16.44 12.67 17.45]
[15.14 12.95 18.56]
[15.99 12.92 17.43]
[15.95 11.06 18.13]
[16.37 11.34 18.31]
[16.69 11.96 17.96]
[16.08 12.33 18.47]
[15.18 12.51 18.12]
[15.95 12.38 18.27]
[16.33 11.34 17.96]
[15.01 11.69 18.92]
[16.84 11.41 18.81]
[15.04 11.9  17.97]
[16.2  11.26 17.11]
[16.59 12.35 17.87]
[16.58 11.78 17.11]
[16.08 11.92 18.29]
[16.59 11.21 17.97]
[15.36 11.01 18.54]
[15.68 11.95 18.16]
[15.18 12.93 18.97]
[15.02 11.23 17.1 ]
[15.6  11.05 18.45]
[16.5  12.67 18.34]
[16.76 12.39 17.88]
[16.93 12.55 18.03]
[17.1  11.84 18.29]
[16.43 12.93 17.61]
[15.31 12.48 18.67]
[16.66 11.26 17.54]
[15.55 12.23 17.38]
[16.34 12.1  18.61]
[15.47 12.57 17.88]
[16.74 11.28 18.14]
[15.39 12.19 18.28]
[16.49 11.01 18.54]
[15.27 11.96 16.99]
[15.52 12.94 17.01]
[16.05 12.34 17.56]
[16.84 11.06 17.21]
[15.65 12.51 17.78]
[14.78 12.99 17.69]
[16.21 11.34 17.13]
[15.87 11.67 18.59]
[14.96 13.09 18.18]
[15.87 12.14 17.73]
[16.61 12.79 17.02]
[16.13 12.74 18.2 ]
[16.73 12.65 18.25]
[16.87 12.62 18.19]
[15.09 12.06 17.69]
[16.93 11.38 17.88]
[15.6  11.19 17.26]
[16.05 11.3  17.49]
[15.78 11.21 17.21]
[15.87 12.27 18.39]
[17.04 12.61 18.81]
[16.98 11.93 18.23]
[16.08 12.89 18.57]
[15.01 12.7  17.09]
[15.18 11.44 17.18]
[15.88 11.78 17.52]
[16.84 11.57 19.23]
[16.11 11.16 18.91]
[15.6  12.92 17.28]
[15.54 12.71 18.72]
[16.56 12.55 18.16]
[15.84 11.51 18.57]
[15.3  11.31 17.08]
[15.27 12.74 18.55]
[15.68 12.66 18.75]
[15.93 12.2  17.76]
[15.04 12.41 17.85]
[15.91 11.44 18.37]
[16.21 11.73 17.32]
[17.11 12.94 18.37]
[14.74 13.22 17.92]
[16.63 12.49 17.57]
[15.36 11.76 18.98]
[15.14 11.46 18.91]
[15.23 13.04 17.78]
[15.21 11.58 18.78]
[15.82 11.13 17.8 ]
[15.31 11.95 17.67]
[15.81 12.61 17.47]
[16.27 12.2  17.47]
[15.43 12.55 19.22]
[16.14 11.91 16.99]
[16.48 11.57 18.83]
[16.03 11.13 17.01]
[16.38 11.66 18.46]
[16.92 12.95 18.12]
[16.8 12.1 18.9]
[15.3  11.43 18.59]
[16.69 11.44 17.86]
[16.66 12.52 17.25]
[15.17 12.23 17.35]
[16.14 11.06 17.42]
[16.33 12.94 17.47]
[15.97 12.58 17.46]
[15.58 11.46 17.52]
[16.16 11.07 17.15]
[15.25 11.03 18.05]
[15.13 11.55 18.57]
[16.31 11.93 18.43]
[15.35 11.28 17.78]
[16.81 11.47 18.76]
[16.97 11.95 18.96]
[17.03 13.17 19.18]
[15.84 12.35 18.99]
[16.5  12.62 18.89]
[16.31 11.97 17.21]
[15.82 12.89 17.46]
[15.12 12.27 17.29]
[16.15 12.43 18.5 ]
[15.81 11.2  17.84]
[15.57 12.99 17.45]
[15.97 12.74 17.86]
[16.52 12.32 18.34]
[16.83 12.43 17.91]
[15.77 11.26 17.08]
[16.26 12.16 17.34]
[16.87 12.71 18.57]
[15.4  11.69 18.13]
[15.06 12.16 18.85]
[16.73 11.04 17.29]
[15.51 11.36 18.9 ]
[15.66 12.29 17.65]
[15.51 12.58 17.36]
[16.28 12.9  18.23]
[16.59 11.89 17.79]
[16.14 13.24 16.75]
[16.67 12.58 17.8 ]
[15.96 12.05 18.71]
[16.53 12.01 18.25]
[16.46 11.45 17.5 ]
[15.48 10.84 17.39]
[15.16 12.04 17.79]
[15.78 11.98 18.43]
[15.66 12.88 17.15]
[15.5  11.71 17.56]
[16.93 12.14 18.18]
[15.55 11.63 18.56]
[16.39 11.6  17.36]
[16.49 11.81 17.62]
[15.98 11.24 17.32]
[15.9  11.74 17.4 ]
[16.34 11.81 18.42]
[15.2  12.45 17.43]
[15.64 12.27 17.79]
[15.2  11.74 18.47]
[15.25 11.83 17.37]
[15.32 13.15 17.62]
[16.69 12.91 17.25]
[16.34 11.49 18.21]
[15.28 11.81 17.5 ]
[16.63 11.67 18.91]
[15.33 11.43 17.91]
[16.63 11.59 18.46]
[15.64 11.02 17.12]
[16.99 12.88 18.94]
[16.45 12.59 18.24]
[16.54 11.01 18.81]
[15.88 12.7  17.09]
[16.09 13.27 18.67]
[16.66 11.56 17.71]
[15.62 11.61 19.13]
[15.45 12.62 18.19]
[16.29 11.89 18.74]
[16.29 11.17 18.46]
[15.2  12.92 17.11]
[16.52 12.85 17.2 ]
[15.44 12.92 17.39]
[15.49 12.39 18.01]
[16.87 12.7  17.47]
[16.05 12.9  18.58]
[15.76 11.73 18.64]
[16.11 12.18 17.28]
[15.21 11.74 17.94]
[15.83 12.55 17.08]
[15.62 12.62 17.84]
[15.76 12.31 17.74]
[15.63 11.69 17.74]
[15.9  11.25 18.57]
[15.54 11.99 17.89]
[16.08 12.16 17.34]
[16.57 11.35 18.46]
[15.42 11.06 17.78]
[15.73 12.85 18.08]
[16.83 11.63 17.34]
[16.17 12.39 18.98]
[16.87 11.45 17.2 ]
[15.59 11.66 17.38]
[14.89 12.54 18.76]
[16.65 12.78 18.53]
[15.24 12.84 17.15]
[16.77 12.6  17.74]
[16.59 11.35 18.77]
[16.59 12.62 18.49]
[15.25 11.77 17.81]
[15.99 12.54 18.09]
[16.2  11.29 17.89]
[16.05 12.09 17.28]
[16.5  12.77 17.56]
[16.34 11.59 18.94]
[14.91 10.76 17.48]
[16.91 11.05 17.1 ]
[16.3  11.24 18.62]
[16.83 12.15 18.16]
[16.54 11.93 17.96]
[15.25 12.66 17.95]
[16.96 12.37 17.37]
[16.94 12.79 18.13]
[16.27 11.5  17.65]
[15.93 12.82 17.56]
[16.43 12.75 17.68]
[16.52 11.65 18.1 ]
[16.51 12.16 18.24]
[15.06 12.09 17.83]
[16.78 12.54 18.72]
[17.24 12.58 18.84]
[15.26 11.25 18.9 ]
[15.26 12.17 18.28]
[15.37 12.99 17.75]
[16.59 11.34 18.58]
[17.07 12.31 18.5 ]
[15.1  12.93 18.83]
[16.49 11.27 17.32]
[17.19 11.08 16.75]
[15.19 12.99 17.16]
[16.84 12.38 16.96]
[15.4  12.33 17.71]
[17.25 11.81 17.09]
[15.33 11.25 17.67]
[15.09 11.62 18.35]
[15.65 11.15 16.79]
[15.43 11.86 18.06]
[16.48 11.62 17.19]
[15.99 11.62 17.32]
[15.93 12.76 17.46]
[16.24 12.79 17.91]
[15.24 12.87 17.9 ]
[15.62 12.63 17.46]
[16.67 12.3  17.81]
[16.68 11.41 18.42]
[16.26 12.57 18.05]
[15.29 12.13 18.28]
[14.82 13.17 18.59]
[15.27 12.94 17.97]
[15.43 11.25 18.65]
[16.17 12.39 17.19]
[15.34 12.78 17.19]
[16.71 11.82 19.12]
[15.21 11.67 16.78]
[14.95 12.51 19.03]
[16.16 12.64 17.18]
[15.23 11.38 17.32]
[15.82 11.66 18.01]
[15.53 11.66 17.13]
[15.51 11.18 17.3 ]
[15.78 11.64 17.86]
[16.67 11.71 18.23]
[17.19 12.77 18.89]
[16.98 11.27 18.42]
[16.09 12.25 18.04]
[16.37 11.59 18.17]
[15.74 12.52 18.62]
[16.15 11.34 17.07]
[15.91 12.56 18.75]
[16.08 11.04 18.07]
[16.12 12.23 17.18]
[15.96 12.04 18.36]
[17.15 11.23 17.1 ]
[16.32 12.67 18.03]
[16.46 11.3  18.58]
[14.91 10.98 19.16]
[16.83 12.58 18.08]
[16.61 13.17 18.47]
[14.78 10.81 18.56]
[15.81 11.5  18.79]
[16.29 11.6  17.18]
[16.57 12.47 19.2 ]
[16.04 11.05 18.67]
[15.34 11.21 17.96]
[16.89 12.51 18.55]
[16.27 11.54 18.2 ]
[15.33 11.9  17.44]
[15.64 12.68 17.68]
[15.07 11.5  18.85]
[15.7  12.63 17.78]
[15.64 11.9  18.14]
[16.11 11.63 17.75]
[16.92 13.17 18.86]
[16.96 11.97 17.38]
[16.5  12.94 18.54]
[15.21 11.93 18.4 ]
[15.04 11.77 18.17]
[15.91 11.06 18.02]
[16.8  11.02 18.73]
[15.1  11.23 18.54]
[16.41 12.91 17.9 ]
[16.44 11.95 17.3 ]
[16.72 11.6  18.52]
[16.82 12.3  18.05]
[15.82 11.75 18.38]
[15.05 13.22 17.6 ]
[16.53 11.17 18.82]
[15.55 11.52 17.64]
[15.02 11.06 17.56]
[16.35 12.14 17.19]
[15.19 12.27 17.1 ]
[15.76 12.97 18.16]
[16.06 11.53 18.33]
[15.87 11.34 17.75]
[16.03 11.4  18.45]
[15.77 11.38 17.8 ]
[16.87 12.23 18.25]
[15.2  11.92 18.49]
[17.05 12.29 17.46]
[15.88 11.07 17.65]
[16.44 11.01 18.44]
[15.93 11.27 18.54]
[16.98 11.84 18.06]
[16.36 12.95 17.34]
[15.44 11.75 17.02]
[16.73 11.72 18.68]
[15.33 12.15 18.65]
[15.49 11.85 18.82]
[16.84 11.13 17.18]
[16.34 11.81 18.95]
[15.83 11.14 16.75]
[16.14 12.3  17.79]
[15.98 12.88 17.82]
[16.15 11.08 18.84]
[15.34 12.04 18.28]
[15.01 12.93 17.87]
[15.3  12.16 17.97]
[15.31 12.66 17.72]
[16.43 11.6  17.17]
[15.72 11.14 18.19]
[16.02 12.8  18.51]
[16.68 11.05 16.74]
[16.34 11.94 17.33]
[15.03 11.27 18.63]
[15.81 11.8  17.31]
[16.6  11.84 19.04]
[16.27 12.23 17.53]
[14.92 11.19 18.24]
[16.54 11.18 17.39]
[15.88 12.03 17.24]
[15.33 11.74 18.81]
[16.63 12.75 17.32]
[15.51 12.   17.74]
[15.52 11.17 18.78]
[16.79 11.55 18.85]
[16.77 11.19 18.06]
[15.15 11.61 18.9 ]
[15.67 11.21 18.6 ]
[15.19 12.32 17.88]
[16.87 11.6  17.85]
[15.9  11.82 17.61]
[15.14 12.74 17.59]
[16.76 12.69 17.59]
[16.48 11.96 18.72]
[15.05 11.68 19.04]
[15.77 11.71 17.67]
[16.31 11.15 17.16]
[15.03 12.86 17.06]
[17.12 11.46 19.08]
[15.68 11.75 17.51]
[16.33 11.34 18.8 ]
[16.65 11.89 17.27]
[15.18 11.93 17.75]
[15.89 11.53 17.97]
[16.89 12.09 17.54]
[16.48 11.01 18.68]
[15.18 12.55 17.16]
[15.77 12.81 17.84]
[15.32 11.5  17.8 ]
[15.7  11.26 17.74]
[15.53 11.95 17.29]
[15.61 12.43 18.96]
[16.38 12.35 17.66]
[16.27 11.13 18.96]
[15.54 11.19 17.42]
[15.8  11.29 18.86]
[15.43 11.79 18.03]
[16.86 11.57 18.23]
[15.24 12.29 18.04]
[15.56 12.88 18.86]
[16.53 11.92 18.45]
[16.21 11.53 17.93]
[15.4  12.37 17.45]
[15.94 11.21 17.31]
[16.64 12.26 17.86]
[15.04 11.27 17.86]
[15.8  12.63 17.77]
[15.31 12.54 17.83]
[16.47 12.44 18.63]
[15.04 11.44 18.6 ]
[15.77 11.68 18.62]
[16.23 11.34 18.18]
[16.14 12.36 17.29]
[15.17 12.03 18.4 ]
[16.13 12.63 18.81]
[15.17 12.12 17.21]
[15.61 11.81 17.22]
[16.15 12.61 17.97]
[17.23 12.55 19.11]
[15.02 12.09 17.14]
[16.04 11.45 17.9 ]
[16.18 11.36 18.3 ]
[16.73 12.53 18.37]
[15.2  12.02 17.81]
[15.14 11.95 17.2 ]
[16.03 12.94 18.4 ]
[15.49 11.68 18.46]
[15.83 12.05 17.19]
[16.55 11.44 18.92]
[15.51 12.58 17.73]
[16.73 11.22 18.37]
[16.65 11.72 17.21]
[16.28 12.13 18.4 ]
[16.29 11.95 17.16]
[16.79 11.46 18.62]
[15.81 11.71 18.93]
[15.31 11.04 17.78]
[16.11 11.53 18.8 ]
[16.9  11.83 18.09]
[16.56 11.44 17.04]
[15.64 12.77 17.93]
[16.95 12.88 18.02]
[17.28 11.55 17.49]
[15.86 11.49 18.63]
[15.45 12.7  18.01]
[17.08 13.24 16.94]
[16.86 11.2  17.45]
[16.76 11.53 17.38]
[16.66 12.7  17.75]
[15.78 12.24 17.7 ]
[15.13 12.19 17.43]
[15.19 12.97 17.18]
[15.13 11.36 17.46]
[16.33 11.2  18.89]
[16.18 11.18 17.6 ]
[16.14 12.71 17.08]
[15.55 12.4  18.36]
[15.95 11.9  17.66]
[16.37 11.26 17.39]
[15.26 12.62 18.25]
[15.32 13.1  17.62]
[15.84 11.04 18.88]
[15.12 11.9  17.81]
[16.46 12.69 18.07]
[16.43 12.7  16.93]
[16.98 11.46 17.22]
[16.85 12.65 17.2 ]
[16.42 11.23 17.23]
[16.1  12.91 17.83]
[16.49 11.25 17.69]
[16.96 12.49 18.11]
[15.6  11.59 18.93]
[16.98 11.49 18.22]
[15.09 12.   17.21]
[14.75 12.95 17.19]
[15.39 12.69 18.3 ]
[16.31 11.01 18.27]
[15.4  11.09 17.77]
[15.04 12.82 17.34]
[15.96 12.54 18.19]
[15.34 12.58 17.34]
[16.25 12.91 17.16]
[15.96 12.11 17.62]
[16.73 12.95 18.47]
[16.54 12.09 17.3 ]
[16.5  11.05 18.79]
[16.71 12.42 18.01]
[16.3  12.44 17.1 ]
[16.06 12.91 17.13]
[15.82 11.57 18.73]
[16.91 10.97 18.86]
[15.74 12.32 18.86]
[15.79 11.15 17.1 ]
[15.2  12.93 18.2 ]
[15.63 12.08 16.81]
[16.66 12.48 18.6 ]
[16.73 10.86 18.1 ]
[15.05 11.21 17.39]
[15.12 11.06 18.23]
[15.23 12.6  18.68]
[15.89 11.95 17.18]
[15.17 11.43 18.38]
[15.77 12.98 17.99]
[15.47 12.62 18.87]
[15.06 12.41 18.24]
[15.57 11.16 18.47]
[16.2  12.92 18.25]
[16.32 12.54 18.41]
[15.39 12.82 18.5 ]
[16.49 11.27 17.11]
[16.35 12.16 17.05]
[15.89 12.41 17.38]
[15.43 12.17 18.95]
[15.75 11.99 18.37]
[15.83 12.52 18.91]
[15.76 12.8  17.56]
[15.41 11.18 18.2 ]
[15.49 12.08 18.01]
[15.85 11.24 18.78]
[14.74 12.24 18.72]
[15.36 12.15 16.95]
[15.13 12.78 18.72]
[16.71 10.78 17.84]
[15.75 12.82 18.23]
[16.3  11.67 17.6 ]
[16.71 11.47 18.59]
[15.68 12.6  17.95]
[16.99 12.11 17.7 ]
[16.44 11.47 17.63]
[16.16 11.42 18.7 ]
[16.88 11.14 17.37]
[17.08 12.94 17.19]
[17.   12.85 16.91]
[16.13 12.56 17.36]
[15.4  12.77 18.44]
[15.65 11.93 18.34]
[15.34 12.92 17.54]
[15.69 11.62 18.02]
[15.75 12.34 19.03]
[16.54 11.73 18.24]
[16.19 12.49 18.5 ]
[15.3  12.8  17.64]
[16.46 11.34 18.39]
[15.44 13.07 17.03]
[15.05 12.5  17.17]
[15.32 12.12 18.3 ]
[16.26 12.61 17.8 ]
[15.02 12.75 17.6 ]
[16.06 12.64 17.23]
[16.3  12.88 18.99]
[15.37 12.87 17.79]
[15.64 12.75 18.22]
[16.14 11.02 17.22]
[15.94 12.15 18.44]
[16.96 11.46 17.97]
[15.4  11.03 18.91]
[15.26 12.38 17.51]
[15.22 12.53 18.31]
[16.29 12.43 17.25]
[15.55 12.71 18.27]
[15.4  12.16 18.32]
[15.29 11.83 17.36]
[15.47 12.86 17.95]
[15.48 11.36 17.58]
[15.21 12.89 17.54]
[16.11 11.07 18.75]
[15.16 11.75 18.25]
[16.32 11.97 17.08]
[16.65 12.37 18.74]
[16.87 11.75 17.21]
[15.74 11.51 18.78]
[15.87 11.25 17.84]
[16.55 11.33 18.25]
[15.68 12.12 18.28]
[16.76 11.86 17.37]
[16.55 12.99 18.05]
[16.63 11.27 17.86]
[15.9  12.37 17.23]
[16.76 12.59 17.18]
[15.34 11.59 18.06]
[15.48 12.81 17.16]
[17.16 11.56 16.89]
[15.19 11.21 17.85]
[15.75 12.89 17.2 ]
[14.96 11.46 19.24]
[15.66 12.14 18.31]
[16.1  12.09 18.08]
[15.98 12.61 17.64]
[16.58 12.72 16.96]
[16.   12.6  16.73]
[16.89 11.77 17.33]
[15.09 11.94 18.9 ]
[15.48 12.34 17.07]
[16.26 11.13 17.84]
[16.14 12.43 17.78]
[15.97 11.18 18.34]
[16.34 11.27 17.14]
[15.87 12.19 18.49]
[15.78 11.86 18.06]
[16.33 11.12 19.29]
[16.18 11.81 18.59]
[15.85 12.86 17.74]
[16.88 11.5  17.36]
[16.33 12.3  18.51]
[15.94 11.86 18.37]
[16.45 12.5  18.53]
[16.83 11.17 18.88]
[16.18 11.33 18.62]
[16.73 12.88 18.19]
[15.59 12.87 18.24]
[15.94 11.68 17.5 ]
[15.46 12.8  17.05]
[16.26 12.34 18.8 ]
[15.74 12.75 17.96]
[15.71 11.24 17.29]
[15.06 11.09 18.16]
[15.96 12.91 18.99]
[16.94 11.54 17.99]
[16.19 13.12 17.06]
[15.83 12.65 18.3 ]
[16.33 12.05 17.96]
[16.01 12.85 18.28]
[16.85 12.91 18.95]
[16.82 12.36 18.48]
[16.76 12.9  17.28]
[15.95 11.4  17.78]
[16.47 12.14 17.41]
[16.42 12.39 18.53]
[15.31 12.64 18.93]
[15.77 11.99 18.94]
[15.26 12.59 17.48]
[16.34 11.15 17.19]
[16.06 10.73 19.27]
[16.6  11.55 19.27]
[15.44 11.9  18.5 ]
[15.61 12.77 18.66]
[15.82 12.84 18.81]
[16.55 11.74 18.23]
[15.55 12.88 17.69]
[15.03 12.31 17.33]
[16.5  11.04 18.2 ]
[16.94 12.94 17.54]
[15.18 12.13 17.79]
[15.77 11.91 18.03]
[15.85 12.13 18.22]
[15.25 12.57 18.37]
[15.65 12.02 18.37]
[15.64 12.91 17.25]
[15.85 11.06 18.59]
[15.53 12.48 17.69]
[15.89 10.97 18.71]
[15.85 11.96 18.1 ]
[16.83 11.24 17.26]
[16.93 12.72 18.08]
[15.44 12.85 17.79]
[16.88 12.15 17.4 ]
[16.29 11.34 17.11]
[15.87 12.99 18.74]
[16.39 11.57 18.55]
[17.08 11.81 18.84]
[15.81 11.6  17.99]
[16.76 11.16 17.08]
[16.95 11.89 17.85]
[16.81 12.72 18.93]
[16.03 11.37 17.97]
[16.59 12.26 18.17]
[15.54 11.63 18.75]
[15.74 12.37 17.41]
[16.92 12.21 18.14]
[16.55 11.35 18.35]
[15.2  12.98 18.84]
[15.9  12.02 17.05]
[16.61 12.6  18.5 ]
[16.61 12.18 17.76]
[16.87 12.64 17.75]
[16.82 12.11 18.24]
[15.49 11.43 18.95]
[16.75 12.46 17.41]
[14.8  11.   16.82]
[15.26 12.91 17.52]
[16.81 11.91 17.01]
[15.89 12.18 17.3 ]
[16.95 11.63 18.59]
[16.32 12.36 18.88]
[16.47 12.25 17.47]
[15.35 12.87 17.79]
[15.94 12.41 18.75]
[16.8  12.78 18.93]
[14.76 11.68 17.65]
[16.94 11.68 18.84]
[15.33 12.05 18.77]
[15.33 12.57 18.42]
[15.33 11.45 17.8 ]
[16.41 11.18 18.71]
[16.93 11.9  17.19]
[16.75 11.46 18.8 ]
[16.32 11.55 17.21]
[15.24 11.18 18.05]
[16.93 11.59 17.98]
[15.67 12.03 18.21]
[15.82 12.82 17.31]
[16.87 11.92 18.83]
[16.18 12.18 17.14]
[14.89 12.51 17.52]
[16.59 11.87 18.68]
[15.28 12.98 18.46]
[15.92 12.02 18.76]
[16.   12.48 18.75]
[15.3  11.07 18.73]
[16.25 11.07 18.24]
[16.01 11.3  17.41]
[16.02 11.1  18.73]
[15.39 11.37 17.35]
[15.77 11.56 17.58]
[16.03 12.87 19.12]
[16.82 12.31 18.69]
[16.57 11.33 18.05]
[15.06 10.92 16.89]
[15.53 12.22 18.38]
[15.83 11.27 18.89]
[15.75 11.72 17.89]
[17.25 11.58 18.66]
[16.78 11.63 17.99]
[16.57 11.82 18.46]
[14.94 11.2  18.24]
[16.96 12.92 18.95]
[16.17 11.53 18.93]
[17.26 12.24 18.49]
[16.59 12.03 18.25]
[15.91 11.82 17.84]
[15.09 12.43 17.68]
[15.58 11.95 17.45]
[16.63 12.92 17.2 ]
[16.02 11.97 17.61]
[15.67 11.99 18.14]
[15.08 12.38 18.56]
[15.41 12.26 17.66]
[15.37 12.74 17.43]
[15.5  11.15 17.46]
[15.39 12.33 17.89]
[16.97 12.48 18.96]
[16.32 11.65 17.45]
[14.96 11.04 19.18]
[16.89 13.24 18.4 ]
[16.69 12.54 18.58]
[15.83 11.59 18.59]
[15.61 12.37 17.62]
[15.79 12.34 18.67]
[15.2  11.99 17.76]
[16.45 12.54 18.32]
[15.66 11.69 17.74]
[17.25 10.97 16.7 ]
[14.87 11.49 18.66]
[16.78 11.16 17.91]
[16.57 11.93 17.73]
[15.26 11.43 17.27]
[16.73 11.26 17.15]
[15.27 11.91 18.62]
[15.97 11.5  18.77]
[15.78 12.78 17.76]
[16.53 12.75 17.41]
[15.4  12.58 18.88]
[15.48 12.46 18.31]
[16.11 12.6  18.25]
[15.36 12.32 18.52]
[15.74 11.98 18.98]
[15.17 11.1  18.54]
[15.6  11.6  17.71]
[15.92 12.84 18.9 ]
[16.5  11.81 18.98]
[16.32 12.26 18.15]
[16.31 11.87 18.26]
[15.37 12.41 18.55]
[15.95 11.71 18.11]
[15.54 12.52 17.26]
[16.83 12.65 17.34]
[14.82 11.12 16.73]
[16.63 12.55 17.13]
[16.08 12.1  17.32]
[15.05 12.61 17.38]
[16.35 11.55 18.54]
[15.25 12.8  18.05]
[15.92 12.43 18.63]
[15.73 11.67 17.6 ]
[16.12 11.36 18.44]
[16.16 12.28 17.78]
[15.37 12.73 17.28]
[15.03 11.56 18.84]
[16.92 12.06 17.83]
[15.79 11.76 18.86]
[16.87 12.39 18.24]
[16.11 12.6  17.06]
[15.57 12.65 17.04]
[16.59 12.32 17.65]
[17.24 11.41 16.79]
[15.94 11.99 18.07]
[15.29 11.84 18.58]
[16.41 11.75 17.76]
[16.56 11.43 17.65]
[15.41 12.54 18.54]
[15.45 12.79 18.1 ]
[15.22 12.45 18.21]
[16.57 11.92 17.05]
[15.65 12.51 17.48]
[16.57 12.56 19.22]
[16.45 12.99 18.59]
[15.1  11.13 17.28]
[15.76 12.74 18.16]
[16.05 12.28 17.47]
[15.49 12.47 18.73]
[14.86 10.72 17.42]
[15.28 12.47 17.63]
[16.35 12.45 17.4 ]
[16.21 12.38 18.32]
[16.96 12.58 18.19]
[16.9  11.27 17.81]
[15.4  12.59 18.73]
[16.36 11.87 17.06]
[16.92 12.65 17.36]
[16.42 12.15 18.81]
[15.16 12.49 18.21]
[16.48 12.77 18.86]
[16.48 12.42 18.68]
[15.11 12.32 18.61]
[16.92 11.47 18.46]
[16.49 11.08 17.55]
[15.35 12.87 17.73]
[15.5  12.32 18.62]
[15.2  12.02 18.88]
[16.43 12.4  18.23]
[15.85 12.14 18.59]
[16.8  12.66 18.69]
[16.14 11.19 17.34]
[15.86 12.22 17.42]
[15.08 11.96 17.56]
[16.92 12.43 18.11]
[16.12 12.49 18.09]
