[16.66 10.93 19.63]
[15.79  9.8  18.97]
[16.8  10.96 19.91]
[16.4   9.43 18.47]
[16.6   9.4  19.45]
[16.34 10.54 18.11]
[15.9   9.6  19.49]
[15.2   9.3  18.51]
[15.16 10.63 18.7 ]
[16.25 10.02 18.43]
[15.92  9.94 18.22]
[16.31 11.11 19.1 ]
[16.5  10.78 18.8 ]
[16.44  9.12 19.18]
[16.16 10.21 18.81]
[15.5   8.97 18.14]
[15.11  9.76 20.26]
[15.01 10.15 18.82]
[16.44  9.15 19.95]
[16.79 10.97 19.55]
[15.1  10.07 19.74]
[15.77  9.66 18.5 ]
[16.05  9.31 18.24]
[16.84  9.94 19.2 ]
[16.15 10.48 18.32]
[15.47  9.43 18.74]
[16.64  9.23 19.41]
[16.78  9.09 19.84]
[14.86  9.72 18.84]
[15.51 10.72 19.47]
[16.84  8.71 19.72]
[16.53  9.4  17.86]
[16.18 10.64 17.78]
[15.4  10.31 19.92]
[16.72  9.82 19.79]
[15.82  8.87 18.11]
[16.82  9.51 18.67]
[15.85 10.71 18.01]
[16.67  8.76 17.91]
[16.68 10.22 18.83]
[16.55  9.66 20.27]
[15.01 10.44 18.11]
[16.21  9.1  17.88]
[15.54 10.83 18.68]
[14.82  9.3  19.76]
[16.5  10.03 18.48]
[16.05  9.38 19.79]
[16.87  9.67 18.51]
[15.77 10.75 19.94]
[15.78 10.68 18.03]
[16.37 10.66 20.09]
[16.78 10.71 19.42]
[15.51 10.96 18.64]
[16.77  9.92 18.4 ]
[15.79 10.97 19.4 ]
[15.66 10.16 19.07]
[16.14 10.32 18.62]
[16.76 10.51 18.13]
[16.36 10.34 18.73]
[16.07 11.22 20.  ]
[16.4   9.01 19.67]
[15.22 10.07 18.28]
[15.65  8.72 18.24]
[16.74  9.17 19.47]
[17.01  9.29 18.99]
[16.03  9.68 19.93]
[16.95 10.33 18.72]
[16.39 10.98 19.7 ]
[15.18 10.14 18.62]
[15.68  9.95 18.69]
[16.52  9.63 19.31]
[15.29 10.46 18.4 ]
[15.25 10.63 18.97]
[15.92  9.91 19.52]
[17.12 10.6  18.21]
[16.99  9.39 18.86]
[15.47 10.1  17.72]
[15.62 10.4  19.32]
[16.32  9.61 18.46]
[15.25  9.55 18.35]
[15.31  9.4  18.19]
[15.25 10.93 18.35]
[16.48 10.53 19.22]
[15.22 10.06 19.65]
[15.92 10.35 20.28]
[15.7  10.62 18.33]
[15.14 10.36 18.58]
[15.63 11.21 20.23]
[15.39 10.61 18.9 ]
[15.6  10.05 19.6 ]
[14.94  8.93 18.29]
[16.77  9.8  19.94]
[15.27  9.54 19.14]
[15.54 10.2  19.68]
[15.76  9.62 18.82]
[16.24  9.65 18.55]
[15.64  8.84 19.61]
[16.1   9.42 18.45]
[16.23  9.9  18.35]
[16.26  9.93 18.53]
[16.94 10.54 19.59]
[16.3   9.63 18.99]
[16.88 10.77 18.08]
[16.32  9.53 20.2 ]
[16.91 10.27 18.17]
[16.88 10.18 18.17]
[16.62 10.12 19.62]
[14.88 10.8  19.83]
[16.68  9.48 19.15]
[15.03 10.84 19.32]
[15.64 10.32 18.6 ]
[16.87  9.13 18.13]
[16.61  8.88 20.07]
[16.69  9.14 19.16]
[15.49 10.76 18.94]
[15.34  9.67 19.93]
[15.79  9.13 18.93]
[15.94 10.9  18.41]
[15.92 10.21 18.04]
[16.09 10.21 18.67]
[15.19  9.34 19.91]
[15.78  9.11 18.38]
[16.54  9.16 18.03]
[16.18 10.5  18.11]
[16.95  9.33 18.19]
[15.96  9.48 19.49]
[16.51 10.9  18.85]
[15.2   9.01 19.8 ]
[17.09 10.05 18.64]
[15.97  9.12 17.88]
[15.45  9.26 18.72]
[16.16 11.24 19.07]
[16.76 10.29 18.8 ]
[16.07  9.26 18.36]
[16.74  9.5  18.85]
[16.86 10.21 19.19]
[15.49  9.47 18.82]
[16.25  9.54 19.21]
[17.26 10.   19.63]
[16.73 10.68 19.24]
[17.02  9.01 18.02]
[15.76  9.19 18.78]
[15.24  9.84 19.01]
[16.84  9.72 18.79]
[16.93  9.7  18.68]
[16.01 10.94 19.44]
[16.95 10.77 18.05]
[15.28 10.53 19.48]
[16.16  8.99 20.04]
[15.57  9.39 20.22]
[15.9   9.81 18.78]
[16.91 10.69 18.87]
[16.29 10.02 19.84]
[16.74 10.7  19.48]
[16.84  9.05 19.  ]
[16.38  9.24 19.29]
[16.17  8.78 19.06]
[15.28  9.81 19.28]
[17.21  8.78 19.37]
[14.76  9.49 18.35]
[16.1   9.18 18.81]
[15.74 10.26 19.83]
[15.49 10.56 19.22]
[16.94  8.92 19.99]
[16.61  9.85 18.8 ]
[15.78 10.63 19.82]
[16.54  9.29 19.85]
[16.6  10.17 20.23]
[15.65 10.84 20.29]
[16.75 10.73 18.08]
[17.01  9.71 18.8 ]
[16.63 10.16 18.23]
[15.96 10.47 19.93]
[15.5   9.93 19.6 ]
[15.87  9.35 18.14]
[16.47  9.72 18.53]
[15.81 10.95 19.93]
[15.71  9.18 18.05]
[17.08  9.4  18.97]
[15.99  9.54 17.86]
[16.05 10.84 17.86]
[16.31 10.55 18.55]
[15.13 10.66 20.09]
[16.08 10.35 19.81]
[16.6  10.54 18.42]
[16.37  9.98 18.33]
[17.17 10.44 19.3 ]
[15.82 11.24 18.3 ]
[16.02  9.66 18.2 ]
[16.27 10.94 19.31]
[16.62  9.82 18.38]
[16.12  9.38 18.97]
[15.73  9.27 18.97]
[15.08 10.02 19.86]
[16.32  9.6  19.65]
[15.94  9.55 18.92]
[15.78  9.69 18.96]
[15.04  9.1  18.27]
[15.51 10.38 18.28]
[15.9   9.84 18.92]
[15.54  9.34 19.52]
[16.43 10.33 19.9 ]
[14.97  9.64 19.9 ]
[16.37  9.91 18.41]
[15.06 10.25 18.42]
[16.34  9.37 17.79]
[16.58 10.84 18.75]
[15.27 10.29 18.18]
[16.7  10.58 19.34]
[15.13  9.25 18.59]
[15.08  9.51 18.13]
[16.06  9.95 18.76]
[14.76 10.43 18.28]
[16.42  9.09 18.37]
[16.92  9.56 19.17]
[16.34 11.15 19.02]
[17.18  9.47 17.95]
[16.13 10.31 20.04]
[17.02  8.77 19.42]
[15.96 10.41 18.59]
[16.36  9.98 18.07]
[15.91 10.76 19.56]
[16.37  9.4  18.81]
[14.78  9.31 19.08]
[15.05 10.77 18.18]
[16.67 10.29 19.84]
[15.96 11.29 18.86]
[16.95  9.67 18.22]
[15.1  10.65 18.57]
[16.29 10.63 18.91]
[16.65 10.1  19.01]
[15.76  9.71 19.66]
[15.31  9.4  19.15]
[14.74  9.92 19.28]
[15.69 10.69 19.43]
[16.82  9.18 20.17]
[16.8  10.97 19.57]
[16.1 10.7 19.7]
[15.57 10.05 18.4 ]
[15.8  10.03 18.43]
[15.69 10.57 18.96]
[14.89  9.24 19.62]
[15.9  10.73 18.28]
[16.54 10.31 19.58]
[16.21  9.23 19.41]
[16.18 10.25 19.36]
[16.6   9.23 19.41]
[15.02  9.98 19.33]
[16.74  9.24 18.53]
[16.39  9.71 18.3 ]
[16.19 10.71 18.28]
[15.16  8.89 18.62]
[17.03 10.04 19.67]
[15.12  9.05 19.07]
[15.62 10.38 18.25]
[15.53 10.15 18.93]
[15.41 10.71 18.08]
[16.4   9.78 18.92]
[14.92  9.4  18.33]
[17.03 10.64 18.18]
[14.94 10.44 20.19]
[16.31 10.99 18.67]
[15.94  9.92 18.32]
[16.58 10.7  18.7 ]
[16.35 10.85 18.71]
[15.15  8.73 19.57]
[16.07  9.02 19.72]
[15.09  9.32 19.69]
[15.37  8.92 19.31]
[17.02  9.75 18.32]
[15.36  9.13 18.33]
[15.39  8.9  20.11]
[16.76 10.25 18.7 ]
[16.2  10.52 18.67]
[15.64  9.69 18.94]
[16.77  9.69 19.57]
[16.15  9.5  18.98]
[15.16  9.95 19.84]
[16.59 10.87 19.15]
[16.14 10.85 19.63]
[15.77  9.23 18.29]
[15.27 10.99 18.83]
[16.67 10.75 18.76]
[16.75  9.24 19.5 ]
[16.5   9.03 18.87]
[16.21  9.91 18.54]
[16.88  9.06 18.13]
[15.71  9.4  19.86]
[14.72 10.94 17.89]
[16.39  9.07 18.86]
[16.85 10.73 18.57]
[16.45 11.22 20.04]
[16.11 10.99 18.65]
[15.2   9.51 19.64]
[16.91  9.57 18.64]
[16.2  10.46 19.98]
[14.7   9.52 19.38]
[15.26 10.65 19.64]
[15.44 10.19 19.43]
[15.44  9.4  19.75]
[16.3   9.46 18.82]
[15.26 10.25 19.23]
[15.66  9.55 19.44]
[15.07 11.1  19.4 ]
[16.44 10.59 19.79]
[16.7   9.63 18.24]
[16.19  9.27 18.51]
[15.85  9.   19.52]
[16.2  10.4  18.56]
[15.9   9.63 18.61]
[16.69  9.91 19.95]
[16.2  10.88 19.27]
[15.42 10.63 18.02]
[16.74  9.63 19.88]
[15.26 10.62 19.3 ]
[16.25 10.41 19.3 ]
[15.85  9.89 19.79]
[16.34  9.22 18.04]
[15.87  9.9  18.2 ]
[16.87  8.86 18.64]
[16.68  9.97 19.93]
[16.31 10.72 18.95]
[15.16  9.04 18.01]
[15.15  9.69 18.8 ]
[16.46  9.17 18.79]
[15.64 10.28 19.91]
[16.02 10.27 19.33]
[16.05  9.7  19.06]
[15.25 10.82 19.76]
[15.01 10.34 19.68]
[17.08 11.16 19.29]
[15.38  8.94 20.14]
[15.87 10.83 19.24]
[16.89  9.85 17.94]
[15.05 10.17 19.27]
[15.85 10.44 19.48]
[16.01  9.27 19.8 ]
[16.25 10.72 19.34]
[16.91  9.59 19.4 ]
[15.75  9.8  19.06]
[15.14 10.97 18.07]
[15.29 10.55 19.2 ]
[15.43 11.27 19.25]
[15.31 10.77 19.37]
[16.21  9.13 18.59]
[16.33 10.08 19.05]
[15.65  9.92 18.11]
[15.06 10.09 18.57]
[16.17 11.15 19.05]
[16.4   9.4  19.42]
[17.22  9.25 18.81]
[15.95  9.91 19.92]
[15.55 10.31 18.37]
[15.14 10.51 19.54]
[16.06  9.91 19.24]
[15.32 10.61 20.22]
[16.24  9.39 18.94]
[15.35  9.36 19.05]
[15.38  9.18 19.42]
[17.11  9.23 20.1 ]
[15.63  9.61 18.48]
[16.97  9.35 18.08]
[15.96 10.07 18.78]
[16.52 10.78 19.46]
[16.07 10.98 18.01]
[15.9  10.13 19.79]
[15.23  8.76 18.47]
[16.12 10.37 18.4 ]
[16.49 10.75 19.18]
[15.61  9.64 19.23]
[16.21 10.53 19.87]
[15.85  9.02 19.53]
[15.86  9.69 19.83]
[16.58 10.04 18.8 ]
[16.44 10.79 18.74]
[16.42 10.45 18.64]
[15.05 11.29 17.93]
[15.26 11.01 17.71]
[17.26 10.97 18.46]
[16.08 10.5  18.92]
[16.8   8.83 19.9 ]
[14.87 11.1  17.81]
[15.11 10.44 19.63]
[16.02 10.01 19.91]
[15.28  9.02 19.97]
[15.7   9.98 18.09]
[16.96  9.89 18.77]
[16.63  8.84 19.02]
[14.81  9.58 20.07]
[16.14 10.01 18.63]
[15.68  9.42 18.39]
[16.92 10.83 19.08]
[15.01  9.48 19.71]
[15.04 10.96 19.15]
[17.1  10.14 20.14]
[15.54 10.72 17.84]
[15.43 10.7  20.07]
[16.11  9.31 18.65]
[16.41  9.82 18.58]
[15.82  9.26 18.72]
[15.62 10.54 18.68]
[16.27 10.59 18.76]
[16.47 10.92 19.05]
[16.06 10.5  18.85]
[16.8   9.07 18.29]
[14.78  9.11 18.63]
[16.4  10.01 19.3 ]
[15.05 10.4  19.98]
[15.16  9.86 18.67]
[16.4  10.93 19.15]
[15.73  9.01 18.65]
[15.91 10.18 19.7 ]
[15.94 10.16 18.25]
[16.86 10.7  18.63]
[15.15  9.97 18.62]
[16.98 10.42 18.32]
[15.15  9.02 19.54]
[16.23  9.88 18.07]
[15.57  9.31 19.3 ]
[16.99  9.05 19.44]
[16.09 11.19 19.06]
[16.27  9.88 18.12]
[15.15 10.   18.85]
[15.78 10.22 18.51]
[16.71  9.53 19.9 ]
[15.04 10.67 19.23]
[15.85 10.   18.45]
[16.68 10.91 19.75]
[16.73 10.6  18.43]
[16.63 10.61 18.75]
[16.14 10.34 18.68]
[14.83 10.08 19.27]
[16.67 11.09 19.79]
[16.2  10.58 20.  ]
[15.59  9.96 18.4 ]
[15.78  9.89 19.  ]
[15.53 10.83 18.83]
[15.3  10.89 19.1 ]
[15.41  9.12 19.03]
[16.16 10.12 20.2 ]
[15.01 10.14 17.86]
[15.39  9.4  19.88]
[16.13  9.8  18.05]
[15.85  8.88 19.61]
[16.14  8.75 20.26]
[16.81 10.33 18.46]
[15.13  9.69 18.05]
[16.84  9.18 18.29]
[16.51 10.01 18.53]
[16.94  9.48 18.27]
[16.93  8.87 19.77]
[15.98  9.85 18.34]
[15.98 10.15 18.56]
[14.88 10.98 20.14]
[16.15  9.01 18.23]
[16.43 10.03 19.81]
[16.19  9.13 19.38]
[15.19  9.45 17.87]
[16.13 10.74 19.58]
[15.17 10.78 19.18]
[15.09  9.75 18.5 ]
[16.95  9.22 18.64]
[15.01 11.19 19.76]
[15.49  9.57 18.69]
[15.19  9.51 19.01]
[15.5 10.7 19.3]
[16.5  10.89 20.13]
[16.71  9.81 19.69]
[15.52 11.13 18.06]
[15.69 10.59 19.2 ]
[14.72  8.94 20.13]
[16.4  10.44 19.31]
[16.28 10.11 18.45]
[17.01  8.85 18.65]
[17.11  8.83 19.63]
[15.22 10.04 19.6 ]
[14.77 10.74 18.83]
[15.06 10.04 17.7 ]
[15.4   9.3  18.58]
[15.7  10.48 18.5 ]
[16.62 10.12 19.96]
[15.52 10.92 18.42]
[15.01 10.71 18.96]
[16.79 10.21 18.43]
[16.67 10.49 19.15]
[17.21 10.33 18.79]
[15.34  9.63 18.16]
[16.3  10.94 19.26]
[15.94 10.02 18.36]
[15.8  10.49 18.79]
[15.08  9.04 17.88]
[15.77  9.06 19.37]
[15.91  9.75 18.96]
[15.78 10.61 18.14]
[15.46 11.02 19.48]
[16.38 10.44 18.36]
[16.78  9.2  19.26]
[15.66  9.97 19.93]
[16.84  9.83 19.46]
[15.33 10.91 19.88]
[16.63 11.15 19.51]
[16.81  9.89 18.09]
[16.89  9.28 18.8 ]
[15.84  9.65 18.56]
[16.98  9.92 19.31]
[16.09 10.7  19.22]
[16.36  9.55 18.41]
[16.53 10.93 19.11]
[15.86  9.1  18.49]
[15.23  9.09 19.73]
[16.99  9.37 19.77]
[15.46 10.06 18.32]
[16.26  9.77 19.96]
[16.08  9.85 19.3 ]
[15.05  9.12 20.2 ]
[15.33  9.25 18.34]
[16.12  9.3  18.1 ]
[15.68  9.54 19.06]
[16.35  9.46 19.5 ]
[16.01 10.23 19.81]
[16.32 10.68 18.45]
[16.72 10.7  19.3 ]
[15.05 10.41 19.54]
[16.12 10.8  18.71]
[15.08  9.87 19.76]
[15.6   9.86 18.09]
[16.6  10.18 17.79]
[16.47  9.42 19.3 ]
[15.91  9.66 18.25]
[15.65  9.31 19.16]
[16.36  9.46 18.18]
[16.65 10.62 19.53]
[16.72 10.19 19.74]
[16.01  9.7  18.9 ]
[16.17 10.3  19.09]
[16.39 10.3  18.01]
[16.08 10.65 19.77]
[15.34  9.22 18.17]
[15.16 10.36 18.4 ]
[17.21  9.11 18.06]
[15.73  9.6  18.01]
[15.    9.47 18.67]
[16.49 10.41 19.91]
[16.27 10.41 18.56]
[15.64 10.42 18.12]
[16.03 10.35 18.91]
[16.1   9.73 19.77]
[15.37 10.07 18.48]
[17.27 10.48 18.56]
[15.2  10.77 19.23]
[15.82  9.72 18.69]
[16.75 10.73 18.35]
[16.01  9.93 19.96]
[16.29  9.91 18.54]
[15.47  9.45 18.48]
[15.99  9.41 19.93]
[16.21  9.12 17.98]
[15.66 10.25 18.78]
[15.2  10.58 18.06]
[16.8  10.23 19.02]
[17.01 10.93 18.53]
[16.02  9.99 19.2 ]
[15.3  10.35 18.62]
[15.82 10.28 19.78]
[14.93  9.51 19.16]
[15.81 10.92 19.33]
[16.62  9.92 18.18]
[16.31  9.8  18.9 ]
[15.65  9.28 18.74]
[15.74  9.18 18.16]
[16.05  9.3  19.99]
[16.88 10.76 18.81]
[16.85 10.06 18.23]
[14.9   9.77 19.54]
[14.78 10.98 20.01]
[15.95 10.31 18.02]
[15.61  9.06 18.84]
[15.54  9.33 19.71]
[16.39 10.82 18.19]
[14.99 10.28 18.88]
[16.12  9.32 18.88]
[16.67 10.18 18.01]
[15.11 10.8  18.73]
[16.63  9.23 18.9 ]
[14.99 10.86 18.9 ]
[16.24  9.65 18.4 ]
[15.27 10.07 17.86]
[16.07  9.52 19.37]
[15.93  9.09 18.14]
[15.58  9.54 19.81]
[15.82 10.35 18.25]
[15.86 10.02 19.3 ]
[16.51 10.24 20.19]
[15.32 10.1  18.35]
[16.6  10.35 18.93]
[15.41  9.06 18.45]
[16.8   9.34 18.58]
[16.93  9.56 19.02]
[16.44  9.55 17.8 ]
[15.18 10.67 18.45]
[16.24 10.03 18.15]
[15.82 10.78 19.  ]
[14.93 10.94 19.73]
[15.69 10.59 19.04]
[16.41  9.74 19.69]
[16.38  9.48 18.44]
[15.85 10.45 19.81]
[16.   10.65 18.08]
[15.2  10.23 18.66]
[15.52 10.02 19.63]
[16.12 10.44 19.29]
[16.61  9.43 18.21]
[15.84 10.69 18.04]
[16.91 10.53 18.84]
[16.02 10.7  19.32]
[16.35 10.88 18.82]
[16.82 10.19 18.35]
[17.25  8.76 17.73]
[15.61 10.79 19.68]
[16.88  8.78 19.95]
[16.4  10.05 17.74]
[15.54 10.57 19.95]
[16.53 10.56 19.83]
[17.23 11.21 17.96]
[15.95  9.71 18.81]
[15.78  9.34 18.35]
[15.97  9.57 19.04]
[17.29  9.25 19.24]
[16.94  9.31 19.73]
[15.26  8.92 18.24]
[16.49  9.05 18.35]
[16.69 10.58 19.27]
[15.65 10.05 19.09]
[15.74 10.84 18.28]
[16.78  9.53 19.32]
[15.9  10.4  18.61]
[15.98 10.4  19.85]
[16.3   9.87 19.83]
[15.37 10.52 19.87]
[16.42 10.47 19.8 ]
[16.58 10.64 19.74]
[16.18 10.75 19.29]
[15.51 10.68 19.5 ]
[15.09  9.52 19.88]
[16.03  9.72 19.26]
[16.24  9.41 18.26]
[16.62 11.13 18.3 ]
[15.99  9.55 19.24]
[15.96 10.51 19.64]
[15.23  9.4  19.83]
[16.87  9.87 18.43]
[17.08  9.51 20.13]
[15.25 10.42 19.28]
[16.59 10.58 19.84]
[16.19  9.01 19.36]
[15.66 10.74 19.52]
[16.5  10.8  19.58]
[15.79 10.76 20.17]
[15.91  9.4  18.9 ]
[16.84  9.84 19.04]
[15.39 10.38 19.15]
[15.58  9.26 19.42]
[15.99 10.38 18.7 ]
[16.5  10.57 19.84]
[16.07 10.09 19.51]
[15.83 10.76 18.44]
[16.23  9.3  18.74]
[16.89 10.2  18.7 ]
[15.28 10.13 18.86]
[15.67  9.04 18.5 ]
[16.28  9.31 19.5 ]
[16.29  9.2  19.23]
[15.7  10.85 19.93]
[15.07  9.7  18.2 ]
[15.34  9.14 18.96]
[15.06 10.5  18.62]
[16.92 10.66 19.46]
[16.33 10.74 18.59]
[16.03 10.47 18.79]
[16.43 10.57 20.05]
[16.15 10.7  19.57]
[15.64 10.64 18.27]
[16.97 10.5  18.81]
[16.34  9.39 18.09]
[15.26  9.68 19.67]
[16.75  9.87 19.96]
[15.04 10.86 19.12]
[16.57 10.11 18.2 ]
[16.08 10.15 19.23]
[16.68 10.15 20.12]
[15.    9.56 18.95]
[16.91 10.39 18.27]
[15.6  10.91 18.52]
[15.93  9.06 18.23]
[16.24 10.72 18.64]
[15.5   9.43 19.76]
[16.82  9.94 18.93]
[16.77  9.7  18.9 ]
[15.28  9.89 18.43]
[16.56 10.18 19.48]
[15.03  9.99 19.5 ]
[15.07 11.08 20.01]
[15.68 10.04 18.54]
[16.6   9.28 19.04]
[15.66 10.54 18.09]
[15.96  9.46 19.03]
[16.63  9.4  18.13]
[16.67 10.81 19.49]
[15.82 10.39 18.52]
[15.1  10.07 19.35]
[15.14 10.48 19.57]
[15.17 10.66 18.53]
[16.16 10.63 20.21]
[15.78  9.99 19.19]
[15.59 10.4  18.89]
[16.6  10.15 19.17]
[14.71  9.61 19.29]
[16.4   9.05 18.42]
[15.95 10.8  17.86]
[16.33 10.01 18.07]
[15.84  9.43 19.23]
[14.7  10.24 17.75]
[15.36  9.16 18.4 ]
[15.7   9.51 18.01]
[15.74  9.11 19.89]
[15.2  10.31 18.18]
[15.24  9.72 20.16]
[15.31 10.71 19.06]
[15.93  9.29 19.94]
[16.61 10.27 18.89]
[16.26  9.91 19.65]
[14.9  11.03 18.98]
[16.82  9.84 19.19]
[15.02 10.33 19.31]
[16.51 10.82 18.31]
[15.24 10.05 19.74]
[14.94  8.85 20.18]
[16.64  9.71 18.6 ]
[15.98  9.82 18.53]
[15.54 10.69 19.07]
[16.53  9.61 18.48]
[16.27 10.5  18.45]
[16.21  9.41 18.27]
[14.88  8.83 18.83]
[15.14 10.   19.96]
[16.99  9.85 18.09]
[16.49  9.9  18.49]
[15.    9.63 19.56]
[15.86 10.59 18.35]
[15.51  9.76 18.49]
[17.1  10.32 19.35]
[16.76  8.83 18.  ]
[15.77 10.54 19.15]
[15.83  9.08 18.98]
[15.3  11.18 17.89]
[16.85  9.55 19.28]
[15.18 11.29 19.75]
[15.79 10.26 18.97]
[15.4   9.88 19.17]
[15.08  8.75 17.87]
[15.07  9.21 18.02]
[16.44  8.76 18.69]
[15.55 10.87 20.16]
[15.72 10.54 18.75]
[17.11  9.49 19.22]
[16.71 10.31 18.34]
[15.04  9.52 18.24]
[16.53  9.31 19.44]
[15.82 10.42 18.96]
[16.05 10.83 18.65]
[15.98 10.82 18.07]
[15.56 10.23 19.67]
[15.47  9.33 19.82]
[16.1  10.37 19.1 ]
[17.09 10.16 17.92]
[15.81 10.49 18.01]
[15.47  9.96 18.09]
[15.23 10.66 18.46]
[15.8  10.34 19.49]
[15.15  9.18 19.33]
[15.07  9.9  19.75]
[15.79  9.81 19.63]
[15.97 10.23 19.35]
[15.59 10.03 19.44]
[15.24  9.72 17.84]
[15.08  8.81 18.45]
[16.75 10.96 19.42]
[16.18  9.53 18.31]
[16.92  9.16 18.23]
[16.11  9.94 18.71]
[16.56 10.95 19.4 ]
[15.01  9.56 18.64]
[16.61  9.29 19.98]
[15.14 10.35 19.94]
[16.96  9.9  17.89]
[16.25  9.77 19.29]
[16.92  8.95 17.99]
[15.91 11.19 20.11]
[15.07  9.51 19.1 ]
[16.1  10.83 18.68]
[16.73 10.68 19.17]
[16.17  9.37 19.64]
[15.47  9.02 18.98]
[16.24 10.33 18.77]
[16.12 10.39 19.05]
[16.27  9.79 18.99]
[15.32 10.82 18.66]
[16.86  9.79 18.13]
[15.02 10.84 18.34]
[15.75  9.26 18.32]
[16.23  9.12 19.02]
[15.79  9.59 18.6 ]
[16.8   9.26 18.3 ]
[15.91  9.21 19.24]
[16.92 10.89 18.45]
[16.19  9.36 18.62]
[15.11 10.66 18.31]
[15.48  9.07 19.65]
[15.46 10.53 20.09]
[15.48 10.63 19.21]
[16.69 10.43 18.46]
[15.07  9.25 19.04]
[16.33 10.99 18.37]
[16.1   9.34 19.19]
[14.88 10.48 18.28]
[15.26  9.48 19.85]
[15.07  8.77 18.47]
[16.27 11.24 18.41]
[16.75  9.69 18.72]
[16.82  9.23 18.01]
[16.76 10.38 19.98]
[15.72 10.88 19.08]
[15.3   9.06 19.12]
[15.55  9.94 19.24]
[15.81 10.26 18.94]
[15.87  9.77 19.17]
[15.29 10.83 18.91]
[16.91  9.27 19.63]
[16.55  9.47 18.69]
[15.97 10.35 18.02]
[15.15  9.07 18.54]
[16.13 10.39 18.27]
[15.84 10.96 19.55]
[16.85  8.8  18.09]
[16.98 10.91 19.07]
[15.99 11.12 19.94]
[16.51  9.2  19.97]
[16.36 10.62 18.07]
[15.48 10.63 19.88]
[16.88 10.17 18.04]
[14.99 11.27 18.52]
[16.13  9.05 18.91]
[16.92  9.34 19.48]
[15.66  9.38 19.71]
[15.98  8.76 17.74]
[15.3  10.37 19.1 ]
[15.59 10.41 18.9 ]
[16.48 10.57 18.83]
[15.58 11.19 19.76]
[15.89  9.23 18.72]
[16.54 10.81 17.96]
[15.62 10.44 19.65]
[15.45  9.35 18.57]
[15.33 10.61 18.59]
[15.95 10.46 19.43]
[15.9   9.51 18.33]
[15.11 10.48 18.09]
[16.08  9.35 18.51]
[15.31  9.26 18.79]
[15.45  9.81 19.58]
[16.89  9.37 18.18]
[16.99 10.69 19.03]
[16.52  9.66 17.92]
[15.58  9.52 19.94]
[16.3   9.94 18.51]
[15.44 10.08 19.26]
[15.3  10.96 19.56]
[15.41 10.84 18.21]
[15.46  9.48 19.67]
[15.64 10.95 18.95]
[16.24  8.74 17.94]
[16.76 10.16 19.28]
[15.87 10.78 18.06]
[16.06 10.8  19.92]
[14.97 11.28 18.75]
[15.83  9.81 18.16]
[16.64  9.01 18.22]
[16.05 10.64 20.18]
[16.6   9.7  18.78]
[16.92  9.42 18.6 ]
[15.48 10.62 18.87]
[15.99  9.27 17.86]
[16.05  9.95 18.01]
[16.74 10.5  19.13]
[16.7  10.64 18.7 ]
[14.93 10.17 17.86]
[15.2   9.46 18.23]
[16.6  10.41 18.7 ]
[16.29 10.45 19.1 ]
[15.34 10.02 18.71]
[16.14  9.49 18.54]
[16.67  9.3  19.85]
[15.78  9.97 18.49]
[15.66  9.18 19.59]
[15.95  9.51 18.93]
[16.51 10.19 19.9 ]
[15.22  9.32 18.37]
[15.71  9.32 18.86]
[15.15 10.77 19.54]
[16.06  9.42 19.94]
[17.22 10.88 18.33]
[15.32 10.38 19.77]
[15.6  10.1  18.85]
[15.13  9.26 18.63]
[16.08 10.08 19.05]
[15.19 10.   18.77]
[15.02  9.62 18.03]
[15.3   9.33 18.58]
[15.44 10.05 19.69]
[14.91 10.28 19.51]
[16.49  9.64 19.91]
[16.57 10.98 18.59]
[15.44  9.67 18.45]
[16.68 10.31 18.97]
[15.79 10.28 19.6 ]
[15.09 10.7  19.36]
[15.9  10.71 17.87]
[16.05 10.9  18.82]
[17.04  9.99 18.86]
[16.13 10.62 19.76]
[15.14 10.72 18.78]
[15.75  9.31 19.29]
[16.23  9.96 18.49]
[16.04  9.07 19.77]
[16.35  9.64 20.03]
[16.14 10.33 18.92]
[15.68  9.2  19.63]
[15.72 10.56 19.39]
[14.74  9.76 19.83]
[16.63 10.77 19.11]
[16.67  9.27 18.92]
[17.24 10.39 19.77]
[16.24  9.33 18.93]
[16.15 10.35 19.23]
[16.28  9.98 19.46]
[15.78 10.8  19.62]
[16.49 10.59 19.77]
[15.41 10.32 18.54]
[16.41  9.03 18.13]
[15.89  9.33 18.71]
[15.53  9.61 18.4 ]
[15.26 10.04 19.31]
[16.   10.2  19.93]
[15.89  9.06 19.2 ]
[15.75 10.75 18.33]
[15.65  9.52 18.92]
[16.46  9.89 18.92]
[15.33 10.61 18.52]
[16.96  9.68 20.07]
[15.25 10.99 19.31]
[16.6  10.34 19.91]
[17.15 10.65 18.18]
[16.34  9.87 18.88]
[16.4   9.46 18.92]
[15.33  9.18 19.95]
[14.84  9.08 19.14]
[15.04 10.88 19.66]
[15.35  9.32 19.23]
[17.27 10.98 18.92]
[15.63 11.01 18.9 ]
[16.86 10.01 19.81]
[15.01 10.28 19.8 ]
[15.44  8.95 19.07]
[15.52 10.22 18.47]
[16.52 10.42 18.87]
[16.8  10.82 19.59]
[16.38 10.15 18.75]
[16.29 10.47 19.39]
[15.46 10.49 19.85]
[15.64 10.35 18.99]
[15.49 10.58 18.22]
[16.85  9.69 19.69]
[16.19 10.07 18.32]
[15.21 10.24 18.88]
[15.34 10.86 18.03]
[15.37  9.28 19.53]
[16.3   9.16 19.6 ]
[15.37 10.83 17.86]
[15.01 10.   19.18]
[15.92 10.45 18.98]
[15.58  9.55 19.9 ]
[16.47  9.24 19.52]
[16.02 10.21 20.08]
[15.25  9.56 19.77]
[15.84 10.03 19.67]
[16.55  9.42 19.61]
[16.89 10.7  19.49]
[16.43 10.85 20.25]
[16.58  8.86 20.27]
[16.57 10.37 19.22]
