[15.5, 19.3, 14.9]
[15.9, 21.8, 12.3]
[16.6, 17.6, 12.2]
[15.3, 19.5, 11.1]
[15.6, 17.4, 12.3]
[14.8, 20.5, 14.4]
[16.3, 18.4, 13.2]
[15.4, 17.2, 12.7]
[13.5, 16.2, 14.0]
[15.0, 19.1, 12.6]
[13.2, 19.0, 16.1]
[13.5, 21.2, 15.6]
[15.7, 19.7, 12.2]
[14.9, 16.9, 11.6]
[14.9, 17.6, 15.7]
[14.3, 17.3, 10.9]
[14.1, 18.6, 15.1]
[15.9, 19.9, 14.8]
[14.7, 17.3, 15.1]
[16.1, 18.2, 13.9]
[15.0, 19.6, 12.3]
[14.9, 16.6, 12.4]
[15.1, 17.2, 15.5]
[14.4, 18.5, 15.7]
[15.1, 20.6, 13.5]
[15.3, 14.8, 15.0]
[14.3, 19.0, 11.6]
[13.3, 19.4, 13.6]
[12.7, 15.1, 15.3]
[13.2, 17.0, 12.2]
[14.8, 17.4, 11.3]
[14.3, 16.5, 13.2]
[17.3, 16.1, 9.6]
[15.7, 15.7, 13.5]
[15.4, 16.3, 11.7]
[14.4, 17.9, 10.8]
[16.9, 20.1, 12.5]
[13.8, 17.2, 14.0]
[15.4, 19.1, 11.5]
[13.8, 17.3, 11.2]
[12.8, 15.3, 10.0]
[16.4, 16.4, 14.1]
[14.8, 17.4, 10.3]
[14.1, 15.3, 15.5]
[14.3, 17.0, 13.9]
[15.7, 19.8, 12.9]
[15.6, 16.3, 15.0]
[14.8, 20.6, 11.2]
[17.5, 21.5, 11.8]
[16.5, 18.9, 14.6]
[15.5, 21.1, 9.6]
[15.7, 19.8, 16.0]
[16.7, 17.1, 13.9]
[14.1, 18.4, 14.1]
[14.3, 19.1, 12.2]
[13.8, 18.2, 11.4]
[13.4, 18.8, 11.5]
[13.5, 14.9, 14.5]
[15.5, 18.8, 11.6]
[16.1, 17.6, 13.2]
[15.0, 21.8, 9.2]
[15.7, 16.3, 14.8]
[14.0, 17.3, 14.6]
[16.8, 15.4, 10.0]
[12.9, 19.9, 16.2]
[14.4, 17.1, 11.7]
[16.2, 15.4, 15.5]
[16.2, 17.7, 14.3]
[16.2, 19.8, 12.5]
[14.4, 16.4, 15.2]
[13.5, 18.3, 13.1]
[13.1, 18.2, 13.9]
[15.0, 20.2, 14.5]
[15.0, 16.0, 12.4]
[15.5, 15.3, 13.3]
[16.4, 20.2, 14.0]
[15.3, 16.6, 12.0]
[14.3, 18.0, 13.7]
[15.4, 18.6, 11.3]
[14.7, 15.1, 13.2]
[13.8, 16.4, 13.8]
[16.5, 17.1, 13.1]
[14.2, 16.4, 14.2]
[15.2, 20.4, 12.2]
[13.3, 19.2, 15.3]
[13.6, 16.6, 11.9]
[15.3, 17.4, 12.2]
[14.6, 17.2, 11.4]
[14.5, 20.3, 13.0]
[16.4, 17.2, 14.9]
[16.5, 18.3, 11.9]
[15.5, 19.0, 15.0]
[16.1, 17.5, 13.3]
[13.6, 21.2, 9.8]
[15.1, 17.1, 13.9]
[16.0, 19.5, 13.5]
[15.3, 15.7, 11.4]
[14.0, 18.4, 11.3]
[16.2, 16.2, 12.7]
[13.3, 19.0, 12.8]
[13.9, 16.8, 13.4]
[14.5, 16.2, 14.2]
[14.3, 18.2, 15.0]
[15.7, 15.5, 13.8]
[15.9, 16.4, 11.2]
[12.8, 17.9, 15.0]
[15.5, 16.1, 12.3]
[14.4, 18.9, 14.8]
[16.1, 17.9, 14.7]
[14.5, 19.1, 12.9]
[15.0, 17.4, 15.1]
[14.6, 15.6, 10.9]
[13.0, 16.8, 15.6]
[14.2, 18.8, 15.3]
[13.9, 19.6, 13.4]
[16.3, 17.5, 11.1]
[14.5, 18.2, 15.3]
[16.9, 14.3, 12.9]
[15.7, 17.0, 13.7]
[14.6, 17.6, 15.5]
[14.9, 20.0, 11.3]
[15.5, 19.9, 10.9]
[17.2, 20.4, 14.3]
[16.4, 19.3, 13.6]
[14.8, 19.2, 11.3]
[15.2, 17.8, 12.2]
[15.5, 20.7, 13.7]
[13.9, 20.2, 12.8]
[15.5, 15.7, 13.4]
[13.0, 18.0, 11.5]
[15.2, 17.3, 13.2]
[15.3, 18.7, 11.7]
[14.5, 16.0, 11.4]
[15.4, 17.9, 15.7]
[15.7, 20.3, 14.2]
[15.6, 20.4, 10.0]
[14.6, 19.5, 12.9]
[15.1, 14.8, 12.9]
[13.8, 16.1, 12.5]
[16.6, 21.6, 16.5]
[15.9, 18.0, 15.4]
[15.1, 19.0, 11.2]
[15.0, 16.8, 12.6]
[14.2, 20.5, 12.8]
[14.5, 15.7, 11.8]
[14.1, 16.4, 12.6]
[15.1, 17.2, 14.7]
[14.5, 21.6, 10.2]
[17.3, 21.2, 11.9]
[15.6, 15.8, 11.4]
[15.2, 18.7, 13.6]
[15.3, 20.7, 13.9]
[15.0, 21.1, 10.6]
[13.5, 18.8, 12.1]
[15.3, 21.4, 15.6]
[15.7, 19.9, 11.1]
[14.8, 16.0, 14.4]
[14.8, 19.6, 14.3]
[14.4, 16.8, 11.6]
[16.2, 18.2, 13.2]
[12.5, 17.4, 10.0]
[14.2, 19.8, 12.3]
[13.8, 17.6, 13.0]
[17.5, 15.4, 16.1]
[13.2, 16.9, 13.8]
[14.8, 18.4, 14.8]
[14.2, 18.9, 16.6]
[14.6, 21.1, 15.9]
[14.9, 18.2, 13.4]
[16.2, 16.3, 11.9]
[13.0, 19.8, 12.3]
[14.3, 17.8, 11.1]
[14.7, 16.0, 15.1]
[13.7, 20.0, 12.8]
[15.3, 16.9, 10.5]
[15.4, 17.4, 12.2]
[16.6, 18.0, 11.7]
[13.8, 16.8, 13.7]
[12.5, 20.8, 10.5]
[15.5, 19.2, 14.1]
[15.0, 17.5, 13.9]
[14.2, 17.2, 10.5]
[14.8, 16.7, 13.6]
[15.8, 17.7, 14.8]
[14.8, 17.2, 15.4]
[15.6, 19.7, 11.1]
[14.2, 18.0, 13.6]
[13.8, 20.0, 12.4]
[15.2, 17.2, 10.2]
[13.5, 20.6, 11.4]
[16.3, 17.8, 12.4]
[15.0, 19.5, 13.0]
[16.6, 18.6, 11.5]
[16.0, 20.2, 12.3]
[15.1, 21.3, 9.3]
[15.6, 20.4, 13.5]
[13.9, 18.1, 10.5]
[14.4, 20.1, 13.3]
[13.5, 17.2, 11.6]
[15.4, 15.4, 12.2]
[15.1, 19.2, 10.9]
[14.6, 20.1, 14.0]
[15.6, 20.3, 15.7]
[15.8, 15.6, 13.8]
[14.4, 18.5, 14.0]
[15.5, 18.2, 15.7]
[15.0, 20.6, 12.4]
[14.5, 17.4, 15.6]
[14.2, 18.9, 13.5]
[15.0, 15.8, 11.1]
[15.8, 18.7, 12.7]
[14.2, 18.1, 10.4]
[15.1, 19.7, 14.9]
[15.2, 16.6, 11.8]
[15.4, 18.0, 13.2]
[14.1, 20.3, 12.6]
[15.6, 19.6, 15.2]
[13.9, 18.9, 13.0]
[13.6, 19.0, 12.6]
[16.9, 17.9, 9.8]
[15.5, 16.6, 14.2]
[14.2, 16.9, 13.6]
[13.8, 16.7, 14.7]
[17.5, 20.9, 14.4]
[15.9, 16.3, 13.5]
[13.6, 18.7, 14.6]
[14.0, 16.4, 11.5]
[13.1, 18.2, 13.7]
[16.3, 19.5, 13.1]
[13.9, 18.8, 11.0]
[16.3, 19.5, 12.0]
[15.9, 20.0, 11.9]
[14.0, 21.5, 12.4]
[15.7, 19.5, 12.4]
[14.0, 16.2, 13.1]
[14.2, 17.1, 12.6]
[14.8, 18.5, 10.2]
[13.4, 18.7, 9.7]
[14.1, 16.3, 13.7]
[15.6, 17.6, 11.6]
[16.0, 16.3, 14.8]
[16.0, 17.6, 10.0]
[14.7, 18.1, 14.1]
[16.0, 17.9, 16.6]
[15.0, 16.8, 13.0]
[14.9, 17.1, 12.9]
[17.1, 21.2, 14.0]
[14.5, 18.2, 12.0]
[13.2, 19.9, 9.4]
[15.5, 15.4, 9.8]
[13.2, 17.7, 13.3]
[15.3, 16.7, 12.2]
[13.5, 18.4, 9.3]
[15.7, 16.7, 15.2]
[15.2, 18.4, 10.1]
[15.7, 14.7, 12.5]
[14.6, 15.9, 14.5]
[15.9, 17.7, 11.1]
[15.6, 17.6, 11.2]
[16.5, 17.7, 11.4]
[16.3, 17.7, 10.8]
[16.1, 19.7, 13.9]
[14.6, 19.0, 11.8]
[16.8, 17.4, 13.3]
[15.1, 20.9, 13.5]
[15.8, 21.0, 10.1]
[16.4, 16.0, 12.4]
[15.9, 16.2, 11.1]
[12.6, 16.7, 9.3]
[14.4, 16.5, 11.3]
[15.0, 19.1, 12.2]
[16.3, 18.7, 13.8]
[13.7, 16.0, 12.3]
[14.8, 18.1, 10.2]
[15.8, 17.2, 12.0]
[16.2, 17.4, 15.0]
[12.6, 16.0, 16.5]
[14.7, 17.6, 15.0]
[16.6, 18.0, 14.7]
[14.6, 16.1, 12.4]
[15.5, 20.7, 14.0]
[15.7, 19.5, 10.9]
[17.5, 16.0, 13.9]
[13.6, 16.3, 14.1]
[13.9, 17.2, 14.9]
[14.5, 20.8, 16.0]
[14.4, 15.7, 14.2]
[16.6, 18.2, 12.2]
[15.5, 16.1, 12.5]
[14.1, 16.1, 12.9]
[12.9, 18.5, 11.1]
[17.2, 19.1, 12.7]
[15.1, 16.7, 10.7]
[14.8, 18.2, 11.3]
[14.6, 19.1, 15.7]
[16.4, 18.4, 10.6]
[13.8, 19.7, 10.0]
[14.6, 17.5, 12.3]
[15.6, 19.0, 11.3]
[16.2, 20.5, 14.8]
[16.1, 17.2, 10.8]
[15.1, 18.1, 15.0]
[15.6, 15.5, 13.0]
[14.2, 16.9, 13.8]
[15.7, 16.1, 11.2]
[15.7, 16.1, 11.5]
[16.3, 16.7, 14.7]
[14.1, 16.4, 12.1]
[15.1, 20.0, 12.5]
[16.5, 16.4, 12.1]
[16.6, 18.4, 12.3]
[16.0, 18.1, 11.8]
[13.3, 19.0, 13.6]
[16.9, 19.2, 11.0]
[16.1, 16.3, 14.8]
[14.8, 20.7, 14.2]
[14.3, 19.7, 13.5]
[15.0, 15.9, 12.4]
[16.0, 16.9, 14.1]
[16.1, 17.9, 12.3]
[13.8, 19.0, 11.7]
[14.0, 15.5, 13.5]
[16.1, 18.0, 10.6]
[16.1, 14.5, 9.5]
[17.2, 15.0, 10.7]
[15.1, 19.2, 15.2]
[16.4, 20.4, 13.9]
[16.5, 18.2, 14.8]
[16.3, 18.9, 13.8]
[15.4, 17.7, 11.4]
[15.8, 17.5, 10.8]
[15.5, 18.8, 10.4]
[14.4, 16.8, 14.7]
[12.8, 16.7, 15.3]
[14.1, 20.9, 11.3]
[14.5, 15.3, 16.6]
[13.3, 17.7, 14.3]
[13.8, 20.3, 13.2]
[15.2, 21.6, 12.0]
[16.2, 15.0, 10.6]
[13.9, 18.2, 10.5]
[13.4, 17.5, 13.1]
[14.5, 19.7, 11.4]
[15.4, 18.6, 15.2]
[15.7, 16.0, 12.9]
[14.3, 16.7, 12.1]
[15.3, 15.9, 14.7]
[15.2, 18.4, 11.2]
[15.7, 18.0, 10.6]
[13.9, 16.0, 14.9]
[14.0, 17.3, 11.0]
[14.7, 19.2, 11.8]
[14.7, 16.2, 11.3]
[13.8, 17.9, 13.2]
[13.5, 18.6, 13.9]
[14.5, 17.9, 15.3]
[13.2, 17.4, 13.7]
[15.1, 16.1, 12.1]
[14.3, 18.0, 12.3]
[15.9, 19.5, 11.2]
[14.6, 17.3, 13.8]
[14.1, 15.5, 12.4]
[14.3, 16.7, 11.5]
[13.3, 18.1, 11.9]
[14.0, 17.2, 14.3]
[15.8, 16.5, 11.1]
[13.9, 19.8, 14.6]
[15.2, 18.3, 12.5]
[16.1, 16.9, 11.3]
[16.3, 18.7, 12.5]
[16.7, 16.5, 13.1]
[14.9, 16.9, 14.0]
[13.4, 18.9, 12.5]
[16.4, 14.4, 16.0]
[13.5, 16.4, 13.1]
[15.5, 18.0, 15.7]
[15.6, 17.4, 12.9]
[15.6, 20.2, 15.0]
[15.9, 16.8, 13.6]
[14.7, 16.4, 11.3]
[16.8, 18.3, 13.8]
[16.6, 18.5, 14.0]
[16.4, 19.8, 12.1]
[14.3, 21.2, 15.1]
[14.4, 16.2, 11.3]
[12.4, 18.5, 14.2]
[15.5, 17.6, 15.6]
[15.3, 17.0, 15.5]
[14.9, 19.9, 13.8]
[14.5, 18.4, 13.2]
[13.7, 17.3, 13.5]
[13.9, 17.2, 12.0]
[14.0, 18.8, 11.4]
[15.6, 18.4, 15.6]
[15.1, 17.2, 13.7]
[14.0, 20.1, 12.4]
[16.9, 16.2, 13.3]
[15.7, 16.8, 11.0]
[15.0, 18.7, 15.5]
[13.7, 18.1, 9.4]
[15.9, 18.2, 13.3]
[14.7, 16.5, 13.2]
[14.5, 18.6, 11.4]
[13.0, 17.4, 9.4]
[15.3, 17.2, 13.6]
[14.1, 17.8, 12.0]
[15.3, 19.6, 15.3]
[15.0, 21.7, 16.5]
[12.6, 16.0, 16.6]
[14.8, 19.0, 11.3]
[15.0, 16.4, 12.7]
[14.6, 20.8, 16.2]
[16.1, 18.4, 11.9]
[13.8, 17.6, 14.7]
[15.1, 18.0, 10.1]
[12.8, 18.1, 15.4]
[15.6, 18.8, 13.9]
[13.4, 16.8, 13.1]
[14.9, 15.5, 13.0]
[14.2, 16.0, 12.1]
[13.6, 14.7, 13.5]
[14.9, 18.9, 14.7]
[14.2, 20.6, 13.6]
[13.7, 17.5, 12.5]
[16.3, 14.1, 11.6]
[15.4, 15.3, 13.4]
[13.2, 18.9, 12.7]
[13.5, 18.9, 11.7]
[16.2, 18.9, 11.7]
[14.2, 17.7, 13.0]
[14.0, 17.1, 13.3]
[15.0, 17.1, 11.8]
[13.9, 18.2, 13.2]
[14.5, 16.4, 10.8]
[17.4, 19.8, 16.5]
[17.1, 19.3, 16.6]
[14.7, 18.9, 15.0]
[14.6, 18.4, 15.3]
[14.8, 19.3, 15.0]
[15.6, 16.3, 13.4]
[13.7, 17.5, 12.7]
[16.6, 16.3, 12.5]
[15.1, 15.8, 13.3]
[16.5, 16.7, 15.7]
[14.2, 18.4, 13.0]
[14.5, 15.5, 13.7]
[14.2, 18.2, 12.3]
[15.4, 19.2, 12.4]
[16.0, 16.3, 12.5]
[14.1, 19.9, 11.7]
[13.0, 21.5, 15.9]
[16.1, 19.1, 12.6]
[15.6, 17.8, 14.8]
[15.1, 18.0, 13.2]
[13.9, 16.4, 11.3]
[14.0, 19.4, 14.5]
[15.7, 17.1, 11.9]
[14.2, 17.6, 13.5]
[13.9, 17.2, 14.4]
[15.6, 15.8, 14.8]
[15.6, 21.7, 9.4]
[14.9, 18.6, 10.8]
[14.4, 19.4, 12.6]
[14.5, 19.1, 12.6]
[14.2, 17.6, 10.2]
[14.9, 16.6, 11.2]
[15.6, 16.3, 11.8]
[15.4, 17.4, 14.4]
[14.7, 18.3, 15.6]
[14.7, 19.1, 11.0]
[13.3, 16.8, 13.4]
[16.1, 17.5, 12.2]
[15.8, 18.7, 13.1]
[15.9, 19.6, 13.8]
[14.8, 17.7, 10.0]
[14.1, 20.5, 12.9]
[14.4, 16.7, 12.9]
[14.2, 18.8, 11.4]
[15.8, 18.9, 14.7]
[14.3, 16.2, 12.5]
[16.2, 17.7, 12.4]
[16.9, 20.7, 16.1]
[15.5, 18.3, 10.4]
[15.3, 18.2, 10.5]
[16.1, 17.4, 11.9]
[13.7, 18.1, 12.5]
[16.2, 18.9, 14.9]
[16.1, 16.3, 11.7]
[13.8, 16.3, 13.7]
[14.5, 20.7, 12.4]
[15.2, 18.2, 11.8]
[16.7, 18.2, 11.4]
[14.7, 17.8, 14.1]
[12.6, 17.0, 9.3]
[17.5, 18.3, 9.7]
[15.1, 18.0, 13.4]
[14.1, 17.7, 15.4]
[16.0, 20.2, 13.5]
[14.7, 19.2, 10.3]
[17.4, 20.0, 11.7]
[15.3, 16.8, 14.9]
[13.4, 16.2, 9.8]
[16.4, 21.4, 9.8]
[14.0, 18.0, 11.7]
[15.2, 19.1, 14.4]
[16.4, 16.4, 12.9]
[16.3, 20.2, 13.1]
[16.0, 16.5, 14.7]
[15.8, 15.9, 13.5]
[15.8, 16.8, 11.2]
[14.8, 17.0, 12.3]
[14.5, 16.9, 10.9]
[14.4, 18.9, 11.1]
[13.6, 19.2, 12.5]
[15.0, 17.4, 13.0]
[13.3, 21.6, 9.5]
[15.8, 18.5, 12.5]
[12.7, 19.5, 14.3]
[14.5, 19.2, 14.8]
[14.4, 17.6, 11.4]
[15.3, 20.9, 10.7]
[15.5, 19.9, 12.1]
[15.7, 17.8, 13.2]
[14.7, 19.6, 10.7]
[16.4, 18.1, 13.7]
[13.9, 17.2, 12.3]
[15.7, 17.5, 10.3]
[13.9, 18.3, 10.6]
[14.2, 18.7, 12.1]
[13.7, 16.0, 12.1]
[14.9, 15.9, 12.7]
[14.1, 18.4, 10.7]
[14.9, 17.5, 10.5]
[14.2, 19.1, 13.6]
[16.1, 18.6, 11.9]
[15.5, 18.0, 12.7]
[16.2, 16.5, 13.8]
[15.5, 18.4, 13.5]
[15.1, 19.9, 14.6]
[15.3, 17.7, 13.3]
[13.8, 16.2, 13.8]
[15.0, 18.8, 11.2]
[15.1, 18.3, 15.0]
[16.5, 14.7, 12.3]
[13.7, 17.9, 12.5]
[16.5, 19.9, 13.2]
[15.9, 17.9, 12.5]
[14.7, 19.2, 15.2]
[13.1, 20.0, 13.3]
[16.4, 20.7, 13.9]
[14.0, 17.2, 15.3]
[14.5, 16.9, 10.6]
[16.4, 18.5, 15.0]
[16.8, 14.1, 15.4]
[14.2, 15.9, 12.6]
[15.1, 17.4, 11.6]
[16.5, 18.7, 11.9]
[13.9, 20.0, 10.9]
[14.5, 17.9, 15.9]
[14.3, 15.5, 13.4]
[15.5, 18.4, 11.7]
[15.0, 19.6, 14.2]
[15.8, 16.3, 12.7]
[15.9, 16.7, 13.2]
[13.2, 18.2, 10.4]
[13.6, 19.0, 11.3]
[16.3, 18.5, 12.9]
[15.0, 17.7, 12.0]
[13.9, 19.1, 10.9]
[14.5, 16.4, 13.7]
[16.7, 20.7, 12.9]
[15.8, 18.8, 15.0]
[14.2, 17.2, 11.1]
[15.0, 19.9, 11.9]
[14.4, 19.8, 11.0]
[14.6, 16.8, 16.4]
[14.7, 18.2, 13.8]
[13.4, 18.3, 14.2]
[17.0, 20.8, 10.8]
[16.1, 15.2, 16.8]
[13.4, 20.5, 9.8]
[17.4, 20.5, 16.0]
[15.4, 19.4, 13.2]
[15.0, 18.0, 13.8]
[15.6, 21.0, 9.3]
[16.4, 18.3, 11.9]
[14.3, 15.9, 13.8]
[14.3, 15.8, 13.2]
[12.8, 17.3, 16.6]
[14.4, 18.0, 14.0]
[14.8, 20.6, 14.8]
[16.2, 18.8, 16.6]
[13.4, 17.4, 12.6]
[14.4, 16.8, 12.6]
[15.7, 18.4, 13.5]
[16.1, 17.3, 12.5]
[14.2, 17.9, 10.6]
[16.2, 17.4, 12.8]
[13.5, 17.3, 16.0]
[13.7, 20.0, 12.2]
[14.4, 19.4, 11.0]
[14.5, 17.7, 16.3]
[16.6, 17.3, 12.3]
[15.6, 15.6, 14.5]
[12.8, 18.5, 13.9]
[14.2, 17.8, 10.8]
[12.7, 17.7, 11.9]
[15.2, 15.9, 11.6]
[14.1, 15.1, 13.7]
[14.1, 14.1, 9.7]
[14.7, 16.3, 13.8]
[14.9, 20.9, 13.1]
[15.1, 18.2, 14.1]
[14.6, 19.4, 15.2]
[15.2, 20.6, 12.9]
[12.4, 20.8, 13.3]
[13.4, 17.1, 12.8]
[13.5, 19.2, 12.0]
[15.0, 15.4, 13.9]
[15.9, 18.3, 16.7]
[16.3, 18.6, 9.2]
[13.6, 18.8, 13.7]
[14.7, 20.1, 12.7]
[14.8, 17.3, 12.7]
[15.7, 16.4, 14.6]
[13.5, 18.7, 16.3]
[13.1, 17.7, 12.2]
[15.7, 17.3, 11.5]
[16.1, 17.4, 12.8]
[13.4, 17.7, 12.3]
[16.3, 21.4, 14.2]
[16.6, 18.8, 11.4]
[14.0, 16.4, 13.6]
[15.9, 17.7, 15.0]
[16.3, 16.4, 13.9]
[14.9, 16.4, 13.4]
[14.9, 16.1, 14.0]
[15.5, 15.7, 12.5]
[15.8, 20.8, 12.0]
[12.4, 17.4, 11.3]
[13.7, 17.9, 11.5]
[13.9, 19.7, 13.4]
[13.0, 16.9, 9.6]
[14.8, 18.0, 15.3]
[15.8, 17.7, 12.0]
[13.1, 18.6, 13.6]
[16.5, 17.3, 12.2]
[15.1, 18.9, 14.2]
[16.0, 18.0, 14.5]
[14.0, 16.0, 14.4]
[15.2, 19.6, 14.7]
[13.8, 16.9, 11.7]
[15.2, 16.9, 15.3]
[15.2, 19.3, 12.4]
[13.7, 18.3, 14.3]
[15.0, 20.2, 13.2]
[16.7, 16.2, 14.1]
[16.1, 19.8, 14.2]
[14.3, 16.6, 12.4]
[15.3, 20.6, 14.2]
[14.6, 18.0, 13.7]
[14.2, 19.1, 14.5]
[16.8, 17.2, 14.3]
[12.5, 14.5, 12.0]
[14.4, 17.0, 15.5]
[15.3, 16.1, 15.0]
[15.8, 17.5, 13.8]
[13.7, 17.2, 12.3]
[15.3, 18.9, 13.7]
[16.5, 14.2, 11.0]
[13.2, 18.5, 11.9]
[14.0, 19.6, 14.0]
[14.5, 15.6, 14.5]
[15.3, 19.0, 15.5]
[16.1, 17.6, 12.0]
[15.6, 19.6, 15.0]
[14.8, 18.3, 13.3]
[13.8, 17.8, 12.3]
[14.2, 20.0, 14.8]
[13.1, 14.9, 12.5]
[14.9, 18.3, 15.2]
[15.5, 20.4, 13.5]
[15.0, 18.2, 14.1]
[13.7, 20.9, 11.2]
[16.6, 18.8, 11.9]
[13.6, 17.1, 13.4]
[14.9, 16.1, 11.6]
[14.8, 15.4, 15.6]
[15.2, 19.1, 10.3]
[13.9, 17.1, 13.9]
[16.0, 16.5, 13.9]
[13.7, 17.9, 14.7]
[15.9, 16.3, 11.2]
[15.5, 18.7, 13.6]
[15.5, 17.2, 14.9]
[13.7, 20.1, 10.1]
[15.9, 16.9, 12.8]
[15.3, 15.8, 12.7]
[14.8, 20.8, 12.5]
[14.8, 18.3, 12.2]
[17.2, 19.6, 14.6]
[14.2, 20.2, 11.7]
[13.9, 17.0, 12.7]
[15.9, 16.8, 14.2]
[16.1, 18.8, 13.8]
[14.2, 20.5, 12.1]
[14.6, 19.4, 15.8]
[14.4, 20.5, 12.6]
[16.6, 15.6, 15.9]
[14.2, 15.8, 13.2]
[14.6, 14.2, 15.0]
[16.0, 15.7, 11.8]
[15.4, 15.3, 15.0]
[16.0, 17.3, 13.1]
[14.8, 17.3, 15.7]
[16.3, 17.0, 11.3]
[14.8, 17.3, 13.7]
[13.8, 19.3, 13.3]
[15.3, 18.5, 12.7]
[16.8, 17.8, 14.0]
[14.5, 16.8, 13.2]
[14.1, 15.1, 16.3]
[17.3, 15.1, 11.2]
[15.2, 20.4, 14.2]
[13.3, 17.6, 13.1]
[15.1, 17.3, 12.8]
[14.9, 20.9, 9.9]
[16.2, 20.9, 12.8]
[16.5, 18.6, 11.3]
[15.7, 19.2, 11.0]
[13.2, 17.3, 14.0]
[14.7, 18.8, 11.8]
[14.0, 20.5, 12.5]
[15.4, 17.1, 15.1]
[16.5, 19.0, 13.0]
[14.7, 15.3, 12.9]
[14.7, 20.5, 13.7]
[13.9, 17.3, 13.0]
[15.4, 18.5, 13.3]
[16.2, 17.5, 11.3]
[14.7, 15.5, 12.5]
[15.3, 17.3, 15.6]
[15.7, 16.9, 13.8]
[16.4, 18.0, 14.2]
[16.6, 19.5, 12.3]
[13.7, 17.5, 13.3]
[14.9, 17.1, 11.5]
[12.6, 21.4, 12.6]
[15.0, 19.5, 15.2]
[15.1, 17.7, 10.9]
[13.5, 17.9, 14.9]
[13.7, 17.4, 13.5]
[16.5, 18.3, 11.5]
[15.6, 17.7, 13.5]
[13.9, 17.5, 13.0]
[15.1, 15.4, 12.9]
[13.5, 16.6, 12.8]
[14.7, 18.1, 10.8]
[14.7, 21.1, 11.1]
[15.1, 17.8, 15.6]
[13.1, 17.7, 15.1]
[14.7, 17.8, 10.1]
[13.9, 16.0, 11.7]
[15.1, 20.5, 12.3]
[15.5, 17.3, 10.4]
[15.4, 15.7, 12.3]
[13.6, 17.9, 11.7]
[13.2, 18.0, 11.8]
[15.4, 18.8, 13.0]
[16.6, 17.1, 13.0]
[14.4, 16.9, 15.3]
[14.5, 20.1, 12.3]
[14.6, 17.7, 14.2]
[15.2, 18.0, 11.0]
[15.2, 17.4, 10.4]
[16.3, 20.2, 12.6]
[15.5, 16.2, 14.1]
[15.1, 16.2, 11.4]
[16.1, 19.8, 13.6]
[17.1, 16.3, 15.8]
[15.1, 18.1, 10.3]
[12.4, 20.6, 11.1]
[16.7, 19.3, 13.2]
[15.8, 18.3, 11.0]
[15.5, 17.4, 11.6]
[14.4, 18.9, 13.9]
[14.7, 16.9, 14.5]
[13.4, 19.2, 12.2]
[13.7, 20.7, 12.2]
[13.7, 18.1, 12.6]
[14.5, 19.6, 14.8]
[15.7, 16.2, 10.9]
[14.8, 17.7, 10.7]
[15.4, 17.8, 15.9]
[14.8, 15.4, 12.5]
[16.0, 16.7, 14.6]
[14.3, 19.1, 14.6]
[16.0, 17.5, 12.6]
[15.7, 18.4, 11.9]
[16.5, 16.1, 11.5]
[16.0, 19.4, 13.5]
[15.5, 18.4, 11.8]
[14.0, 14.2, 13.4]
[16.8, 18.7, 13.4]
[14.9, 16.8, 10.3]
[14.2, 19.4, 14.8]
[13.8, 15.7, 12.6]
[15.4, 19.7, 15.1]
[14.8, 18.3, 14.3]
[16.1, 14.7, 10.1]
[13.7, 21.5, 9.8]
[15.5, 16.4, 10.7]
[14.3, 17.0, 13.7]
[14.1, 16.7, 13.5]
[16.5, 17.5, 14.9]
[15.0, 20.9, 13.3]
[15.5, 16.0, 12.8]
[16.1, 17.7, 12.6]
[14.6, 18.4, 11.9]
[16.2, 16.0, 14.3]
[14.5, 20.6, 13.7]
[14.7, 17.7, 12.8]
[16.0, 16.3, 12.3]
[16.6, 17.9, 13.4]
[13.4, 17.6, 14.1]
[17.3, 17.1, 13.0]
[14.5, 16.6, 14.8]
[14.6, 16.0, 15.0]
[14.1, 19.1, 11.8]
[14.5, 18.1, 14.1]
[14.9, 20.0, 12.1]
[15.0, 15.8, 14.4]
[13.3, 14.8, 10.0]
[15.0, 20.3, 14.4]
[15.3, 18.4, 10.9]
[15.0, 20.4, 13.9]
[15.1, 17.6, 12.5]
[15.5, 17.7, 13.6]
[14.6, 18.1, 12.9]
[14.9, 17.9, 11.6]
[15.8, 19.5, 11.8]
[16.1, 19.6, 12.9]
[15.4, 15.6, 16.4]
[12.5, 20.2, 11.9]
[16.4, 17.5, 12.1]
[14.6, 19.2, 11.9]
[15.7, 19.2, 13.4]
[15.9, 19.2, 14.0]
[13.7, 16.4, 13.9]
[13.0, 20.0, 9.6]
[15.0, 15.1, 12.3]
[15.8, 18.2, 15.3]
[15.5, 19.4, 13.2]
[14.6, 19.5, 15.0]
[13.3, 16.2, 11.5]
[15.7, 19.4, 11.7]
[14.1, 16.0, 14.7]
[16.1, 15.3, 14.5]
[15.8, 18.3, 11.9]
[14.9, 16.3, 14.5]
[15.5, 19.5, 13.1]
[13.8, 19.8, 12.4]
[16.1, 16.0, 12.1]
[14.8, 18.8, 12.8]
[14.5, 15.3, 12.2]
[13.0, 19.1, 16.6]
[17.2, 21.1, 9.9]
[14.4, 18.9, 15.3]
[14.7, 18.0, 14.3]
[15.1, 20.0, 14.8]
[14.4, 19.0, 15.4]
[15.8, 18.0, 16.7]
[15.7, 18.3, 13.5]
[16.2, 16.6, 14.1]
[14.3, 19.6, 14.8]
[15.9, 18.9, 10.4]
[16.5, 16.9, 13.4]
[14.6, 17.5, 13.7]
[15.6, 18.8, 12.1]
[17.0, 16.7, 10.1]
[14.6, 17.4, 10.4]
[15.0, 19.0, 15.5]
[14.2, 14.3, 14.5]
[14.4, 18.6, 11.2]
[16.7, 18.8, 13.9]
[15.1, 19.4, 13.5]
[16.3, 18.8, 13.9]
[12.9, 20.2, 12.0]
[15.1, 16.0, 11.5]
[15.5, 15.8, 13.4]
[16.5, 19.2, 13.2]
[14.9, 17.3, 15.3]
[15.5, 16.7, 13.5]
[17.2, 16.0, 15.0]
[16.5, 18.5, 12.1]
[15.9, 19.6, 10.7]
[14.3, 18.8, 11.5]
[15.9, 20.2, 13.7]
[14.8, 17.9, 12.8]
[16.9, 20.1, 14.0]
[14.0, 17.0, 10.8]
[15.2, 15.2, 12.1]
[14.3, 17.0, 14.4]
[13.7, 16.8, 13.8]
[14.9, 16.0, 11.3]
[15.1, 21.0, 10.4]
[15.5, 19.1, 13.9]
[15.5, 17.2, 15.6]
[15.3, 17.0, 14.5]
[15.1, 16.8, 10.6]
[15.3, 15.1, 12.6]
[16.3, 18.0, 14.7]
[14.1, 16.6, 12.4]
[14.9, 16.0, 9.6]
[14.2, 17.7, 14.3]
[15.1, 18.4, 14.9]
[14.1, 18.4, 13.5]
[14.4, 14.3, 11.4]
[16.3, 14.6, 12.7]
[16.6, 17.6, 16.0]
[14.5, 19.1, 14.1]
[14.5, 20.0, 12.6]
[14.1, 20.5, 12.9]
[15.6, 19.4, 14.0]
[15.4, 18.8, 11.6]
[16.7, 17.0, 12.6]
[15.3, 16.0, 12.2]
[16.4, 20.0, 13.2]
[15.0, 16.2, 13.6]
[13.4, 17.5, 12.4]
[16.1, 18.9, 13.7]
[14.9, 17.4, 12.1]
[14.9, 19.9, 14.0]
[13.9, 17.2, 11.0]
[15.4, 17.3, 13.0]
[16.0, 19.6, 14.7]
[13.5, 16.6, 16.0]
[14.8, 18.0, 13.4]
[14.0, 18.4, 15.4]
[13.4, 14.2, 15.6]
[16.3, 16.4, 13.1]
[14.8, 20.5, 11.6]
[15.6, 18.1, 15.2]
[14.2, 21.2, 10.4]
[14.1, 17.0, 13.1]
[14.0, 19.2, 15.7]
[16.6, 18.9, 14.1]
[14.6, 18.6, 12.8]
[14.5, 19.4, 11.7]
[14.9, 17.2, 11.7]
[15.1, 20.9, 13.0]
[14.3, 18.0, 13.1]
[15.3, 15.6, 13.5]
[15.6, 18.8, 10.8]
[13.9, 19.3, 16.1]
[16.1, 16.1, 13.2]
[15.3, 19.0, 14.3]
[14.2, 16.0, 12.3]
[15.1, 15.1, 14.9]
[15.2, 20.6, 11.7]
[14.8, 19.7, 13.6]
[14.1, 19.8, 14.7]
[14.8, 17.8, 10.9]
[15.5, 18.3, 15.5]
[14.2, 15.0, 11.2]
[13.3, 18.8, 11.9]
[15.2, 18.8, 13.0]
[15.9, 17.1, 13.7]
[15.3, 18.6, 10.4]
[14.6, 15.2, 9.1]
[16.5, 18.2, 13.4]
[15.1, 18.7, 14.5]
[14.1, 17.4, 15.1]
[15.8, 16.9, 15.0]
[14.4, 18.6, 14.9]
[15.3, 17.5, 15.9]
[13.6, 18.9, 12.9]
[15.1, 17.9, 10.4]
[17.2, 20.1, 14.7]
[16.8, 21.2, 10.7]
[14.5, 18.8, 13.6]
[14.2, 20.2, 12.6]
[15.7, 18.1, 12.9]
[14.4, 15.8, 16.8]
[13.8, 18.8, 15.2]
[15.6, 19.9, 12.0]
[13.5, 17.6, 13.5]
[14.1, 16.1, 14.1]
[15.9, 18.9, 15.0]
[14.7, 17.5, 13.9]
[13.3, 20.9, 10.6]
[13.4, 17.4, 12.6]
[15.7, 18.0, 10.9]
[16.5, 19.9, 13.4]
[15.9, 18.9, 10.5]
[12.9, 15.6, 10.1]
[15.0, 20.8, 12.3]
[13.1, 19.5, 15.2]
[16.6, 18.6, 14.1]
[14.4, 18.9, 14.7]
